iras2020.txt 5274.5325 14.5815 4839.92 4840.32 4840.72 1.3876 1.4298 23.0 0.0 163.262686874189 93.3666 0 0
iras2020.txt 4000.0 1.465 5001.46 5001.86 5002.26 5.0 1.7748 23.0 0.0 259.9617269504584 156.7484 0 10000000
iras2020.txt 4000.0 41.3475 5002.39 5002.79 5003.19 5.0 1.7748 23.0 0.0 528.7911544676049 114.6143 0 10010000
iras2020.txt 4191.25 1000.0 5011.66 5012.06 5012.46 1.286 1.6849 23.0 1.1915 190.0179481031226 232.5199 0 0
iras2020.txt 4991.5039 58.8914 5011.75 5012.15 5012.55 5.0 1.555 23.0 15.0 309.1393739811404 162.5069 0 10000000
iras2020.txt 4000.0 5.5387 5014.54 5014.94 5015.34 5.0 1.7748 23.0 9.7812 69.64316872425508 168.8336 0 10000000
iras2020.txt 5209.9805 143.3479 5021.84 5022.24 5022.64 1.3353 1.4186 23.0 0.1003 671.0239730294134 117.0885 0 10000
iras2020.txt 5310.0 32.8762 5026.73 5027.13 5027.53 5.0 1.4365 23.0 11.8766 265.2668152179294 122.8994 10000 10010000
iras2020.txt 4342.998 51.0173 5027.36 5027.76 5028.16 5.0 1.6298 23.0 15.0 16.302503880418453 194.0443 0 10000000
iras2020.txt 4000.0 11.1488 5027.73 5028.13 5028.53 1.2095 1.7748 23.0 1.0019 19.419709088362357 169.4942 0 10000000
iras2020.txt 4000.0 7.3817 5029.22 5029.62 5030.02 5.0 1.7748 23.0 0.0 61.49167614269976 121.2307 0 10010000
iras2020.txt 4121.3867 219.0696 5031.5 5031.9 5032.3 5.0 1.7151 23.0 0.0 245.6638144422201 60.946 10000 10010000
iras2020.txt 5109.375 18.8748 5038.85 5039.25 5039.65 -3.1709 1.4036 23.0 0.2547 14.11280137994294 117.6882 0 0
iras2020.txt 4391.9922 172.4275 5043.81 5044.21 5044.61 5.0 1.615 23.0 0.0 20.303114877196283 86.5372 0 10000000
iras2020.txt 5776.4258 1000.0 5048.03 5048.43 5048.83 5.0 1.5596 23.0 14.7332 40.38481816473611 95.4437 0 10000000
iras2020.txt 4162.6562 1000.0 5049.42 5049.82 5050.22 1.2742 1.6969 23.0 0.9553 177.28891027450825 179.7843 0 0
iras2020.txt 4236.2109 21.3523 5051.23 5051.63 5052.03 -5.0 1.6671 23.0 15.0 40.21077267626053 227.3247 0 10000000
iras2020.txt 4285.1953 206.0359 5054.24 5054.64 5055.04 5.0 1.6491 23.0 0.0 31.81053598905862 60.5774 0 10000000
iras2020.txt 4000.0 39.8915 5058.1 5058.5 5058.9 -5.0 1.7748 23.0 11.8025 1471.4977486629934 44.6753 10000 10010000
iras2020.txt 5159.1602 1000.0 5064.55 5064.95 5065.35 0.3471 1.4106 23.0 0.0 51.61846788127966 150.7879 0 10010000
iras2020.txt 5257.1875 131.5715 5066.75 5067.15 5067.55 0.5798 1.4266 23.0 1.392 1523.4350423505086 63.7391 10000 10000
iras2020.txt 4000.0 43.0907 5068.37 5068.77 5069.17 5.0 1.7748 23.0 0.0 57.994766981694816 179.1341 0 10000000
iras2020.txt 4881.25 37.3313 5072.27 5072.67 5073.07 -1.8793 1.5493 23.0 1.1327 0.6249732987758465 128.4804 0 0
iras2020.txt 4000.0 35.026 5074.35 5074.75 5075.15 5.0 1.7748 23.0 11.7647 610.5628333679585 164.1184 0 10010000
iras2020.txt 4000.0 46.9493 5075.86 5076.26 5076.66 -5.0 1.7748 23.0 0.0 125.04906450877084 174.5734 0 10000000
iras2020.txt 4000.0 1.8326 5078.82 5079.22 5079.62 4.6909 1.7748 23.0 0.6705 286.55456717977603 217.0565 0 10000000
iras2020.txt 4296.7578 47.196 5082.94 5083.34 5083.74 5.0 1.6451 23.0 0.0589 160.41742405807733 166.4863 0 10000000
iras2020.txt 5230.0 48.0276 5087.76 5088.16 5088.56 5.0 1.4219 23.0 15.0 92.29215578881669 54.6947 10000 10010000
iras2020.txt 4000.0 1.4928 5090.38 5090.78 5091.18 5.0 1.7748 23.0 9.1335 502.98023119356463 127.0466 0 10010000
iras2020.txt 4300.957 71.2341 5098.29 5098.69 5099.09 5.0 1.6436 23.0 10.5817 13.402066517006434 220.8562 0 10000000
iras2020.txt 4000.0 122.4504 5104.04 5104.44 5104.84 5.0 1.7748 23.0 9.2955 1166.5986491764031 77.8844 10000 10010000
iras2020.txt 4000.0 78.4611 5109.25 5109.65 5110.05 -5.0 1.7748 23.0 15.0 797.5965089358692 130.0792 0 11010000
iras2020.txt 4000.0 2.0074 5110.01 5110.41 5110.81 5.0 1.7748 23.0 7.4797 146.90351086492586 192.4085 0 10010000
iras2020.txt 4000.0 5.6166 5123.32 5123.72 5124.12 5.0 1.7748 23.0 15.0 201.90203375758216 201.1151 0 10010000
iras2020.txt 4000.0 107.0901 5126.95 5127.35 5127.75 5.0 1.7748 23.0 15.0 17.27745769879703 205.4234 0 10010000
iras2020.txt 4000.0 47.1852 5131.07 5131.47 5131.87 0.171 1.7748 23.0 1.2195 138.18125758992736 168.6351 0 10010000
iras2020.txt 4009.3018 39.91 5133.29 5133.69 5134.09 4.8411 1.7699 23.0 0.5803 349.19645862368884 125.5805 0 10000
iras2020.txt 4000.0 30.1007 5135.69 5136.09 5136.49 -5.0 1.7748 23.0 11.6234 1524.2384733806896 88.9138 10000 10010000
iras2020.txt 4000.0 1.6688 5136.98 5137.38 5137.78 5.0 1.7748 23.0 0.0 828.9212388347136 119.8754 10000 10010000
iras2020.txt 4000.0 2.2921 5141.34 5141.74 5142.14 5.0 1.7748 23.0 3.9227 518.2420843037182 149.6408 0 10010000
iras2020.txt 5300.0 32.7512 5142.14 5142.54 5142.94 -4.8386 1.4346 23.0 1.3276 14.402892707019957 186.2336 0 0
iras2020.txt 4828.7402 47.9929 5143.33 5143.73 5144.13 5.0 1.5493 23.0 0.0 149.24780902279971 67.1145 0 10000000
iras2020.txt 4000.0 6.3204 5150.44 5150.84 5151.24 4.6339 1.7748 23.0 0.0933 130.47550336514053 149.6254 0 10000000
iras2020.txt 4778.1836 31.5134 5151.51 5151.91 5152.31 5.0 1.5508 23.0 8.6622 14.393640877318932 158.838 0 10010000
iras2020.txt 4000.0 49.0045 5158.66 5159.06 5159.46 -5.0 1.7748 23.0 9.5765 171.78134761474823 105.8464 0 10010000
iras2020.txt 4000.0 3.5961 5161.87 5162.27 5162.67 5.0 1.7748 23.0 0.0 962.49618131592 112.4809 10000 10010000
iras2020.txt 4000.0 7.0245 5165.01 5165.41 5165.81 3.079 1.7748 23.0 0.033 36.61909897158312 156.9481 0 10000000
iras2020.txt 4000.0 5.4603 5165.88 5166.28 5166.68 5.0 1.7748 23.0 0.0693 415.5648014334691 219.1524 0 10000000
iras2020.txt 4626.4551 38.0974 5171.2 5171.6 5172.0 5.0 1.565 23.0 0.0 291.3283095892654 185.1044 0 10000000
iras2020.txt 5920.625 1000.0 5178.4 5178.8 5179.2 -3.2867 1.6109 23.0 0.0995 4.229622688897724 40.362 0 10000
iras2020.txt 5139.3945 80.3953 5178.55 5178.95 5179.35 -5.0 1.4077 23.0 6.7982 7.862677613715949 54.4794 0 10000000
iras2020.txt 4939.4434 57.5945 5179.67 5180.07 5180.47 5.0 1.5514 23.0 0.0 15.357971200700916 66.1726 0 10010000
iras2020.txt 4000.0 14.0072 5187.51 5187.91 5188.31 -5.0 1.7748 23.0 11.3626 308.5470869219301 119.5092 0 10000000
iras2020.txt 4000.0 6.7631 5191.06 5191.46 5191.86 5.0 1.7748 23.0 0.0 184.46341446150856 240.7836 0 10000000
iras2020.txt 4000.0 12.2802 5191.95 5192.35 5192.75 -3.6488 1.7748 23.0 9.7543 17.558059739148597 270.3083 0 10000000
iras2020.txt 4000.0 0.7609 5194.54 5194.94 5195.34 5.0 1.7748 23.0 7.4689 301.21883249207497 221.4752 0 10000000
iras2020.txt 4069.3726 22.8099 5195.08 5195.48 5195.88 5.0 1.7395 23.0 0.0376 25.938228764395777 174.5846 10000 10010000
iras2020.txt 4000.0 5.0211 5195.66 5196.06 5196.46 -5.0 1.7748 23.0 7.4802 82.22494774218036 179.2221 0 10000000
iras2020.txt 4392.041 111.821 5197.53 5197.93 5198.33 5.0 1.615 23.0 0.0971 32.196695064704684 84.5499 10000 10010000
iras2020.txt 4563.6914 40.2932 5198.31 5198.71 5199.11 5.0 1.5751 23.0 0.0 122.10595815198153 101.4694 0 10000000
iras2020.txt 4000.0 25.5016 5201.93 5202.33 5202.73 0.9908 1.7748 23.0 0.8305 112.05020491447208 173.1711 0 10000000
iras2020.txt 4374.5312 44.7371 5209.5 5209.9 5210.3 -5.0 1.6201 23.0 15.0 223.0114284070121 132.4778 10000 10010000
iras2020.txt 4342.1289 33.7957 5212.95 5213.35 5213.75 5.0 1.63 23.0 15.0 53.70296407364563 64.888 0 10010000
iras2020.txt 4000.0 11.8751 5214.78 5215.18 5215.58 -0.1063 1.7748 23.0 0.0102 3.438177113482793 162.918 0 10000000
iras2020.txt 4000.0 1000.0 5215.87 5216.27 5216.67 0.8936 1.7748 23.0 0.0 140.22285248098018 187.2283 0 10000000
iras2020.txt 4000.0 11.7096 5216.99 5217.39 5217.79 5.0 1.7748 23.0 0.0 59.74877842077069 156.1214 0 10000000
iras2020.txt 5430.625 245.1418 5222.79 5223.19 5223.59 3.7936 1.4621 23.0 1.0107 17.548121111392042 46.5844 10000 10000
iras2020.txt 4663.3594 28.6506 5225.13 5225.53 5225.93 5.0 1.5602 23.0 0.0 321.1199433976431 128.6038 0 10000000
iras2020.txt 4000.0 1.9017 5228.01 5228.41 5228.81 5.0 1.7748 23.0 0.0 553.4489026945129 78.9191 10000 10010000
iras2020.txt 5198.75 1000.0 5229.44 5229.84 5230.24 0.7853 1.4167 23.0 1.151 75.14853805712517 100.5853 0 0
iras2020.txt 5166.875 1000.0 5230.99 5231.39 5231.79 0.2235 1.4118 23.0 1.233 6.747016355921778 18.3962 0 0
iras2020.txt 4789.6973 20.3728 5232.53 5232.93 5233.33 5.0 1.5503 23.0 0.0 174.53391376107658 149.3231 0 10000000
iras2020.txt 5611.1719 1000.0 5234.98 5235.38 5235.78 -0.8624 1.5085 23.0 0.0096 15.020414030269814 74.3356 0 0
iras2020.txt 5371.2915 855.5447 5235.79 5236.19 5236.59 -2.3588 1.4489 23.0 0.0 33.215517819893606 39.491 0 10010000
iras2020.txt 5593.9844 1000.0 5239.95 5240.35 5240.75 -5.0 1.5037 23.0 0.0 7.900313603020836 20.8095 0 10010000
iras2020.txt 4000.0 39.4296 5242.09 5242.49 5242.89 5.0 1.7748 23.0 0.0 95.25967222879524 97.0447 0 10000000
iras2020.txt 6205.0 1000.0 5243.38 5243.78 5244.18 5.0 1.7303 23.0 0.0 30.616136639190643 29.2581 10000 10010000
iras2020.txt 4559.375 1000.0 5246.65 5247.05 5247.45 2.938 1.5758 23.0 0.0264 248.7585091280167 188.2305 0 0
iras2020.txt 4000.0 1.2946 5249.81 5250.21 5250.61 5.0 1.7748 23.0 6.8199 370.61850676492753 206.8382 0 10000000
iras2020.txt 4194.7656 1000.0 5250.24 5250.64 5251.04 -2.9037 1.6835 23.0 0.0991 3.522034325291709 206.8066 0 10000
iras2020.txt 4574.541 33.0994 5252.63 5253.03 5253.43 -3.2536 1.5731 23.0 0.0146 4.250762343813358 121.6554 0 10000
iras2020.txt 5337.9004 103.7537 5253.06 5253.46 5253.86 5.0 1.442 23.0 0.0 67.1335501765984 54.5725 0 10000000
iras2020.txt 4420.0 1000.0 5262.9 5263.3 5263.7 -0.3075 1.6073 23.0 0.8862 50.02787852593309 184.0403 0 0
iras2020.txt 4564.0039 35.5422 5266.15 5266.55 5266.95 5.0 1.575 23.0 0.0 218.48675127686076 169.0437 0 10010000
iras2020.txt 6063.4375 1000.0 5266.88 5267.28 5267.68 5.0 1.6678 23.0 0.0 1.6915748289007753 22.6553 10000 10010000
iras2020.txt 4539.0625 10.9377 5269.14 5269.54 5269.94 1.0752 1.5797 23.0 1.0546 8.024781833113321 293.0214 0 0
iras2020.txt 4000.0 1000.0 5269.95 5270.35 5270.75 2.9299 1.7748 23.0 0.8768 54.540730328359366 262.7942 0 10000000
iras2020.txt 4806.1621 55.5916 5272.76 5273.16 5273.56 5.0 1.5498 23.0 0.0582 7.995264535965792 199.3756 0 10010000
iras2020.txt 4415.1953 62.2439 5281.39 5281.79 5282.19 5.0 1.6086 23.0 0.0 166.2013934700258 138.2126 0 10000000
iras2020.txt 4000.0 4.0963 5283.22 5283.62 5284.02 5.0 1.7748 23.0 2.8013 346.5770820963498 193.4054 0 10000000
iras2020.txt 5259.6875 232.2937 5284.72 5285.12 5285.52 -5.0 1.4271 23.0 15.0 13.98157618682952 43.61 0 10010000
iras2020.txt 5398.7695 451.1248 5288.13 5288.53 5288.93 1.5909 1.4549 23.0 0.9249 9.415330146134568 45.0473 0 10000
iras2020.txt 4000.0 141.0593 5293.57 5293.97 5294.37 5.0 1.7748 23.0 0.0 142.90867518342137 103.2517 0 10010000
iras2020.txt 4524.668 64.4583 5294.16 5294.56 5294.96 5.0 1.5825 23.0 15.0 5.139093671271962 56.779 0 10010000
iras2020.txt 5305.0 1000.0 5294.92 5295.32 5295.72 -3.5131 1.4355 23.0 0.1003 3.749381791575082 39.2914 0 0
iras2020.txt 4000.0 9.757 5301.9 5302.3 5302.7 5.0 1.7748 23.0 0.0824 414.0291576541933 129.0898 0 10010000
iras2020.txt 4000.0 76.1603 5306.96 5307.36 5307.76 5.0 1.7748 23.0 0.0 122.05861654740625 99.5028 0 10000000
iras2020.txt 5169.9805 10.4978 5314.67 5315.07 5315.47 -4.5046 1.4123 23.0 1.1005 14.360775177281496 39.3312 0 10000
iras2020.txt 4000.0 236.5603 5315.38 5315.78 5316.18 -5.0 1.7748 23.0 0.0 18.193898091995024 55.5741 0 10000000
iras2020.txt 5668.5938 1000.0 5317.12 5317.52 5317.92 -2.2664 1.5253 23.0 0.2755 0.303248276619766 25.4842 10000 10000
iras2020.txt 4428.8672 48.2039 5319.65 5320.05 5320.45 4.8616 1.6049 23.0 0.0639 13.401879641266738 88.0038 10000 10000
iras2020.txt 4656.2305 111.3206 5320.71 5321.11 5321.51 5.0 1.5611 23.0 0.0 109.1369689244392 70.2321 10000 10010000
iras2020.txt 4804.8242 83.9753 5321.64 5322.04 5322.44 3.9149 1.5498 23.0 0.0 5.084586892441671 83.9812 0 10010000
iras2020.txt 4000.0 49.4564 5323.77 5324.17 5324.57 3.1305 1.7748 23.0 0.4812 194.7896712766587 176.8219 0 10000000
iras2020.txt 6205.0 1000.0 5326.39 5326.79 5327.19 -3.2565 1.7303 23.0 0.1 9.035507923714103 19.053 10000 10000
iras2020.txt 4838.125 19.5359 5327.63 5328.03 5328.43 5.0 1.5491 23.0 8.232 15.757632907501309 275.112 0 10000000
iras2020.txt 5248.2617 111.7961 5329.58 5329.98 5330.38 -0.1033 1.4251 23.0 0.0333 137.83326623149782 63.2206 0 10000
iras2020.txt 4748.6328 45.4666 5332.49 5332.89 5333.29 5.0 1.5525 23.0 0.0 342.76928793799794 103.6659 0 10000000
iras2020.txt 5254.834 3.7126 5333.36 5333.76 5334.16 -5.0 1.4262 23.0 11.1909 343.4991245462859 57.4383 10000 10010000
iras2020.txt 4000.0 13.191 5339.52 5339.92 5340.32 5.0 1.7748 23.0 0.0 142.312799220317 168.8497 0 10000000
iras2020.txt 4000.0 1000.0 5340.62 5341.02 5341.42 1.7455 1.7748 23.0 0.9356 367.6261386109745 174.573 0 10000000
iras2020.txt 4000.0 233.842 5352.97 5353.37 5353.77 5.0 1.7748 23.0 0.0525 234.969330452736 138.3013 10000 10010000
iras2020.txt 4638.5742 200.9978 5357.72 5358.12 5358.52 5.0 1.5634 23.0 0.1824 17.837914938561276 26.2692 0 10010000
iras2020.txt 5209.3555 499.9407 5361.22 5361.62 5362.02 1.6162 1.4185 23.0 0.0 278.17296617003683 55.2095 10000 10010000
iras2020.txt 4000.0 136.3782 5364.47 5364.87 5365.27 5.0 1.7748 23.0 0.0 206.5087924730456 138.9206 0 10000000
iras2020.txt 4296.9238 245.7097 5364.99 5365.39 5365.79 5.0 1.645 23.0 0.0 49.10082315745312 84.5914 0 10000000
iras2020.txt 4000.0 24.5839 5367.06 5367.46 5367.86 5.0 1.7748 23.0 0.0 64.1035971283345 119.4273 0 10000000
iras2020.txt 4000.0 17.6654 5369.55 5369.95 5370.35 5.0 1.7748 23.0 0.0989 69.50313583836973 148.9731 0 10000000
iras2020.txt 4223.125 23.9734 5371.08 5371.48 5371.88 -0.0337 1.6722 23.0 1.0993 15.023668659144144 262.2222 0 0
iras2020.txt 6080.4102 1000.0 5373.29 5373.69 5374.09 4.647 1.675 23.0 0.0 7.370165059650723 40.4875 0 0
iras2020.txt 5130.6238 86.2334 5374.36 5374.76 5375.16 5.0 1.4065 23.0 10.9012 1.4367363481485402 12.0215 0 10000000
iras2020.txt 5240.0 197.6765 5376.45 5376.85 5377.25 1.6194 1.4236 23.0 0.0 912.8316603442304 38.3383 10000 10010000
iras2020.txt 4000.0 244.0281 5379.17 5379.57 5379.97 3.0706 1.7748 23.0 0.7508 4.600601310210338 64.7216 0 10000000
iras2020.txt 4797.9883 87.8865 5382.07 5382.47 5382.87 -5.0 1.55 23.0 15.0 33.32596289942746 66.6729 0 10010000
iras2020.txt 4000.0 55.7245 5382.96 5383.36 5383.76 5.0 1.7748 23.0 0.0 173.78249184804966 121.3061 0 10010000
iras2020.txt 4000.0 2.4977 5383.8 5384.2 5384.6 5.0 1.7748 23.0 10.3664 66.88190774011977 63.5413 0 10000000
iras2020.txt 4000.0 4.0929 5385.18 5385.58 5385.98 -5.0 1.7748 23.0 0.0085 389.2642686625884 91.3609 10000 10010000
iras2020.txt 4000.0 1.8478 5385.94 5386.34 5386.74 -5.0 1.7748 23.0 0.0 71.67518907214229 100.7922 0 10000000
iras2020.txt 4000.0 18.2255 5389.07 5389.47 5389.87 5.0 1.7748 23.0 0.0 295.22385568084536 141.5546 0 10000000
iras2020.txt 4999.9609 131.8293 5391.05 5391.45 5391.85 5.0 1.5557 23.0 0.0 106.75944406429409 70.7061 0 10000000
iras2020.txt 5249.5312 1.1394 5392.76 5393.16 5393.56 -5.0 1.4253 23.0 10.9279 681.1958537224324 97.9205 10000 10010000
iras2020.txt 4000.0 14.4249 5394.85 5395.25 5395.65 5.0 1.7748 23.0 0.0 18.330329494737096 49.1031 10000 10010000
iras2020.txt 4250.0 1000.0 5396.72 5397.12 5397.52 0.3377 1.6619 23.0 1.1134 186.44910798777937 236.093 0 0
iras2020.txt 5246.0938 1.5916 5397.87 5398.27 5398.67 4.9419 1.4247 23.0 10.7783 103.26916236846552 57.0127 10000 10000
iras2020.txt 6205.0 1000.0 5400.1 5400.5 5400.9 999999.0 1.7303 23.0 999999.0 117.82369239308204 999999000.0 10000000 0
iras2020.txt 4775.4004 22.405 5400.87 5401.27 5401.67 -5.0 1.5509 23.0 15.0 30.924447834999672 55.4712 0 10000000
iras2020.txt 4000.0 67.6354 5403.71 5404.11 5404.51 0.2939 1.7748 23.0 0.9875 126.45908800173416 182.3817 0 10000000
iras2020.txt 4329.082 15.4109 5405.37 5405.77 5406.17 0.8415 1.6342 23.0 0.9358 49.37967388971409 234.3717 0 0
iras2020.txt 4327.4023 81.2971 5406.37 5406.77 5407.17 -5.0 1.6348 23.0 5.0511 1.3514548837593845 107.3224 10000 10010000
iras2020.txt 4672.5 2.2185 5408.73 5409.13 5409.53 -4.0533 1.5592 23.0 11.0341 604.8275256906611 143.3486 0 10000
iras2020.txt 5339.4434 55.7693 5410.51 5410.91 5411.31 5.0 1.4423 23.0 0.0749 42.67140196804839 82.0017 0 10000000
iras2020.txt 4000.0 107.7419 5412.4 5412.8 5413.2 -5.0 1.7748 23.0 11.0266 478.5732737586309 73.1042 10000 10010000
iras2020.txt 4358.3203 87.2063 5414.79 5415.19 5415.59 5.0 1.625 23.0 0.0 135.3297477391381 105.029 0 10000000
iras2020.txt 4560.0 90.2742 5416.63 5417.03 5417.43 -4.3056 1.5757 23.0 0.6739 6.849318974124097 42.93 0 0
iras2020.txt 4000.0 1000.0 5423.66 5424.06 5424.46 3.1666 1.7748 23.0 0.0994 78.0552634621885 167.5536 0 10000000
iras2020.txt 5000.7812 63.6321 5429.29 5429.69 5430.09 5.0 1.3908 23.0 0.0 157.8900959844952 155.9326 0 10000000
iras2020.txt 5247.9688 5.0593 5432.54 5432.94 5433.34 4.1059 1.425 23.0 0.0 129.8526255290229 88.6934 10000 10010000
iras2020.txt 4018.75 1000.0 5434.12 5434.52 5434.92 1.357 1.7649 23.0 0.8216 171.9179257384272 220.4468 0 0
iras2020.txt 5650.4688 1000.0 5435.9 5436.3 5436.7 -3.3196 1.5199 23.0 1.0668 2.2009374711854544 70.0775 0 0
iras2020.txt 4949.3457 28.9841 5436.18 5436.58 5436.98 -5.0 1.5519 23.0 11.8953 4.269851873891809 111.5052 0 10000000
iras2020.txt 4000.0 80.944 5436.8 5437.2 5437.6 -2.0621 1.7748 23.0 1.2176 5.42853051121254 92.5865 10000 10010000
iras2020.txt 4038.147 275.0554 5440.92 5441.32 5441.72 5.0 1.755 23.0 0.0 41.08192924128399 54.7177 0 10010000
iras2020.txt 5306.2891 897.2791 5443.01 5443.41 5443.81 -1.9826 1.4358 23.0 0.9689 35.485496743927406 5.6984 10000 10000
iras2020.txt 4241.6797 152.677 5444.64 5445.04 5445.44 5.0 1.665 23.0 0.0 40.30579302560057 90.1539 0 10000000
iras2020.txt 4292.5 24.6257 5446.47 5446.87 5447.27 1.1667 1.6465 23.0 0.9744 45.36221743886647 228.7549 0 0
iras2020.txt 5276.25 37.5593 5451.72 5452.12 5452.52 -0.143 1.4301 23.0 1.0761 140.05732071281312 24.5878 0 10000
iras2020.txt 4321.875 25.3025 5455.2 5455.6 5456.0 0.7088 1.6366 23.0 1.0477 54.937352684877695 219.8671 0 0
iras2020.txt 4000.0 2.4879 5456.12 5456.52 5456.92 5.0 1.7748 23.0 0.0 77.22155813554213 82.3797 0 10010000
iras2020.txt 4735.5957 98.8772 5461.14 5461.54 5461.94 5.0 1.5534 23.0 0.0354 4.365738348985818 31.411 0 10000000
iras2020.txt 5241.5332 59.0793 5462.56 5462.96 5463.36 -5.0 1.4239 23.0 4.7108 11.223699026884535 113.3377 0 10010000
iras2020.txt 4000.0 207.5686 5463.88 5464.28 5464.68 5.0 1.7748 23.0 0.0 177.8219093207745 74.2879 0 10010000
iras2020.txt 4000.0 62.8761 5465.99 5466.39 5466.79 3.9813 1.7748 23.0 0.6489 26.886637790135573 119.7334 0 10000000
iras2020.txt 4613.8379 46.4246 5469.69 5470.09 5470.49 -3.125 1.5668 23.0 7.4507 0.2699607055540741 124.2395 0 0
iras2020.txt 5238.2812 40.0945 5472.78 5473.18 5473.58 0.1198 1.4233 23.0 1.0794 1911.5768170077968 87.2254 10000 10000
iras2020.txt 5155.2344 43.5105 5473.5 5473.9 5474.3 5.0 1.41 23.0 8.1224 2.971882675895771 73.7624 0 10000000
iras2020.txt 4121.6492 233.4902 5480.46 5480.86 5481.26 5.0 1.715 23.0 5.1796 25.77201225747584 185.2722 0 10010000
iras2020.txt 4685.957 55.5735 5487.34 5487.74 5488.14 5.0 1.5577 23.0 0.0 12.7763766468172 133.2086 0 10000000
iras2020.txt 4000.0 58.8964 5491.44 5491.84 5492.24 -5.0 1.7748 23.0 10.8675 484.3995169537197 44.5753 10000 10010000
iras2020.txt 5833.9062 1000.0 5494.06 5494.46 5494.86 5.0 1.5793 23.0 0.0 9.04183897150414 21.4381 0 10010000
iras2020.txt 5060.0 638.5242 5496.17 5496.57 5496.97 0.4042 1.3974 23.0 1.1643 1433.3280868140212 17.8342 10000 10000
iras2020.txt 4000.0 4.7579 5497.11 5497.51 5497.91 5.0 1.7748 23.0 0.0743 346.09361920806657 186.1888 0 10000000
iras2020.txt 5244.9597 170.353 5499.2 5499.6 5500.0 0.1199 1.4245 23.0 1.1743 244.8031250854031 4.0772 10000 10000
iras2020.txt 4000.0 2.2828 5501.06 5501.46 5501.86 5.0 1.7748 23.0 0.0 437.5828565866544 137.6 0 10010000
iras2020.txt 4058.2153 90.261 5506.37 5506.77 5507.17 5.0 1.745 23.0 0.0 494.0247947730807 153.8787 0 10000000
iras2020.txt 4000.0 2.9938 5518.14 5518.54 5518.94 5.0 1.7748 23.0 15.0 364.51706548581984 50.0328 10000 10010000
iras2020.txt 4397.0312 161.7102 5522.04 5522.44 5522.84 2.2223 1.6136 23.0 9.9094 0.3978361634841399 61.9833 0 0
iras2020.txt 4847.5 335.9333 5523.85 5524.25 5524.65 -1.4142 1.5491 23.0 1.9583 220.1612085041612 33.3869 10000 10000
iras2020.txt 5876.0645 1000.0 5525.13 5525.53 5525.93 -3.6566 1.5944 23.0 2.811 0.1806368857884029 48.4718 0 0
iras2020.txt 4000.0 47.2611 5528.75 5529.15 5529.55 -0.5108 1.7748 23.0 4.5821 176.0536797458108 73.1688 0 10010000
iras2020.txt 4000.0 3.3185 5531.55 5531.95 5532.35 5.0 1.7748 23.0 0.0 249.53034435112215 84.7466 10000 10010000
iras2020.txt 4766.25 26.2522 5532.34 5532.74 5533.14 3.8959 1.5514 23.0 15.0 7.621138888425852 99.4693 0 10010000
iras2020.txt 4000.0 10.4664 5536.01 5536.41 5536.81 -1.37 1.7748 23.0 1.2458 192.35095124532384 65.4439 10000 10010000
iras2020.txt 4000.0 24.0846 5538.14 5538.54 5538.94 -3.7526 1.7748 23.0 0.0014 459.2831524556457 87.3772 10000 10010000
iras2020.txt 4000.0 105.8049 5538.88 5539.28 5539.68 5.0 1.7748 23.0 10.275 1008.7858152589426 69.8803 10000 10010000
iras2020.txt 5287.1878 3.5151 5539.43 5539.83 5540.23 0.2503 1.4321 23.0 1.0779 2108.722045729479 9.3753 10000 10000
iras2020.txt 4000.0 130.1018 5542.74 5543.14 5543.54 5.0 1.7748 23.0 0.0535 38.87978774121153 98.517 0 10000000
iras2020.txt 4000.0 201.7219 5546.1 5546.5 5546.9 -5.0 1.7748 23.0 10.7599 406.6586863797303 102.2548 0 10000000
iras2020.txt 4514.6973 55.1111 5549.15 5549.55 5549.95 -0.1245 1.5846 23.0 0.0908 3.144101070301182 91.4133 0 0
iras2020.txt 4038.0371 139.0281 5549.54 5549.94 5550.34 5.0 1.7551 23.0 0.0 266.1596890689488 70.7315 10000 10010000
iras2020.txt 4000.0 230.0667 5554.48 5554.88 5555.28 5.0 1.7748 23.0 0.0954 13.946179659401809 120.0104 0 10010000
iras2020.txt 4000.0 390.6125 5557.57 5557.97 5558.37 5.0 1.7748 23.0 0.0853 165.698414262669 76.9871 0 10010000
iras2020.txt 4250.9375 22.0427 5559.8 5560.2 5560.6 -2.2687 1.6615 23.0 0.0 4.36278439081105 82.7722 0 10000000
iras2020.txt 5187.8125 1.531 5561.71 5562.11 5562.51 4.4668 1.415 23.0 0.0874 922.9008789724968 65.6766 10000 10000
iras2020.txt 4505.7422 50.3542 5562.3 5562.7 5563.1 5.0 1.5865 23.0 0.0 112.79594292807067 76.1163 0 10000000
iras2020.txt 4968.7109 1000.0 5563.19 5563.59 5563.99 -1.2648 1.5532 23.0 0.0 14.044527189110449 85.4208 0 10000
iras2020.txt 4000.0 0.6827 5565.3 5565.7 5566.1 5.0 1.7748 23.0 0.0 191.70070281548092 121.6742 0 10010000
iras2020.txt 5633.7305 1000.0 5567.0 5567.4 5567.8 5.0 1.515 23.0 0.0 83.19252401497715 54.2987 10000 10010000
iras2020.txt 5298.5144 5.1191 5567.99 5568.39 5568.79 2.5787 1.4343 23.0 1.4608 164.1860623715648 15.1196 10000 10000
iras2020.txt 4000.0 19.4374 5569.21 5569.61 5570.01 5.0 1.7748 23.0 0.0 69.98344860524482 146.5975 0 10000000
iras2020.txt 5333.4375 56.6355 5572.44 5572.84 5573.24 5.0 1.4411 23.0 0.0 112.60233147217386 105.5828 0 10010000
iras2020.txt 4000.0 4.6171 5575.68 5576.08 5576.48 5.0 1.7748 23.0 0.0 159.9162145123808 110.1744 0 10010000
iras2020.txt 4999.0723 68.3108 5576.63 5577.03 5577.43 -5.0 1.5557 23.0 0.0 208.17052229616897 32.5218 10000 10010000
iras2020.txt 4000.0 25.7792 5578.94 5579.34 5579.74 5.0 1.7748 23.0 0.0 424.2765091743897 17.1487 10000 10010000
iras2020.txt 4468.2812 1000.0 5583.57 5583.97 5584.37 -3.5163 1.595 23.0 2.7905 0.2412516934949671 134.8942 0 0
iras2020.txt 4167.1509 33.5012 5583.86 5584.26 5584.66 5.0 1.695 23.0 7.5906 11.09223448606326 164.1554 0 10000000
iras2020.txt 4576.25 39.6501 5586.35 5586.75 5587.15 5.0 1.5729 23.0 0.0 182.43995240845592 129.6659 0 10000000
iras2020.txt 4690.0586 1000.0 5587.18 5587.58 5587.98 -1.7387 1.5573 23.0 7.7352 1.4003396781464752 120.8642 0 10000
iras2020.txt 4995.0 153.1765 5597.88 5598.28 5598.68 -1.962 1.5553 23.0 5.0798 1.1938472661626347 132.9664 0 10000
iras2020.txt 4990.0 6.7947 5608.58 5608.98 5609.38 2.5813 1.5549 23.0 0.8856 125.8560156245664 35.5218 10000 10000
iras2020.txt 5290.0 2.5579 5610.95 5611.35 5611.75 5.0 1.4327 23.0 10.6347 368.7517110398172 18.9951 10000 10010000
iras2020.txt 4000.0 6.5367 5613.88 5614.28 5614.68 5.0 1.7748 23.0 0.0 501.40130307908 69.5312 10000 10010000
iras2020.txt 4000.0 5.9684 5615.24 5615.64 5616.04 5.0 1.7748 23.0 0.0 145.82608143551252 177.0941 0 10000000
iras2020.txt 5270.0 156.5886 5618.23 5618.63 5619.03 0.6403 1.429 23.0 1.1602 613.7212648359034 45.1107 10000 10000
iras2020.txt 4000.0 134.0193 5619.2 5619.6 5620.0 5.0 1.7748 23.0 0.026 142.07331508464927 111.4254 0 10000000
iras2020.txt 5250.7812 334.2434 5620.13 5620.53 5620.93 -0.3893 1.4255 23.0 0.9935 1594.0585575214327 49.1709 10000 10000
iras2020.txt 5120.1367 582.3435 5623.66 5624.06 5624.46 0.858 1.405 23.0 0.5605 1688.3344692846033 84.912 10000 10000
iras2020.txt 4668.3789 23.4592 5624.14 5624.54 5624.94 5.0 1.5597 23.0 0.0 158.6640332833028 128.9044 0 10000000
iras2020.txt 4077.7588 155.2991 5631.29 5631.69 5632.09 5.0 1.7355 23.0 0.0 380.4484999449009 55.5145 10000 10010000
iras2020.txt 4000.0 222.2346 5633.54 5633.94 5634.34 -2.2081 1.7748 23.0 6.1998 967.3732419442788 55.24 10000 10010000
iras2020.txt 4928.2812 46.1345 5635.45 5635.85 5636.25 -5.0 1.5508 23.0 0.0 3.120842510745039 47.8672 0 10010000
iras2020.txt 4268.6719 112.6267 5636.31 5636.71 5637.11 5.0 1.655 23.0 4.9363 9.923051984212014 94.6038 0 10000000
iras2020.txt 5248.2422 94.1653 5637.86 5638.26 5638.66 -0.3095 1.4251 23.0 0.9979 99.12865348889126 62.0401 0 10000
iras2020.txt 5010.625 81.4753 5641.03 5641.43 5641.83 4.9099 1.3918 23.0 0.9327 5.651439571631595 80.3668 0 10000
iras2020.txt 4326.7285 76.5305 5649.61 5650.01 5650.41 5.0 1.635 23.0 0.0724 10.676087398987937 69.9573 10000 10010000
iras2020.txt 4422.5 224.3889 5650.31 5650.71 5651.11 -1.74 1.6066 23.0 0.895 6.689604986791752 44.177 10000 10000
iras2020.txt 4077.7588 150.4963 5651.07 5651.47 5651.87 -0.1096 1.7355 23.0 0.0 5.174711792476388 44.1325 0 10000000
iras2020.txt 4358.3594 133.615 5651.92 5652.32 5652.72 -5.0 1.625 23.0 0.0 6.893386515664322 36.6527 0 10000000
iras2020.txt 5460.2344 175.4988 5653.49 5653.89 5654.29 -5.0 1.469 23.0 0.0 1.2199150636719145 22.5362 0 10010000
iras2020.txt 4000.0 88.1847 5660.96 5661.36 5661.76 5.0 1.7748 23.0 0.0 155.08646184332898 70.2341 0 10000000
iras2020.txt 5287.9297 1.9661 5677.28 5677.68 5678.08 5.0 1.4323 23.0 10.51 569.1874459102237 21.2864 10000 10010000
iras2020.txt 4000.0 536.1589 5678.62 5679.02 5679.42 -3.5384 1.7748 23.0 0.1001 0.5333609397726663 62.7348 0 10000000
iras2020.txt 4000.0 14.7714 5679.86 5680.26 5680.66 5.0 1.7748 23.0 0.0755 246.0236697703494 53.2638 0 10010000
iras2020.txt 4670.3125 1000.0 5686.13 5686.53 5686.93 1.1133 1.5594 23.0 1.9147 4.770130278207817 98.636 0 10000
iras2020.txt 4000.0 100.2068 5701.14 5701.54 5701.94 5.0 1.7748 23.0 0.0 39.40817314887901 150.2717 0 10000000
iras2020.txt 5171.2109 179.7527 5705.06 5705.46 5705.86 -5.0 1.4124 23.0 12.7379 0.1377693806697375 62.7288 10000 10010000
iras2020.txt 4000.0 248.3406 5705.58 5705.98 5706.38 5.0 1.7748 23.0 0.0 141.19212554292767 110.9898 10000 10010000
iras2020.txt 5297.168 44.6785 5708.97 5709.37 5709.77 0.3303 1.434 23.0 0.0 68.72731397411636 118.7527 0 10010000
iras2020.txt 4018.5303 150.3621 5711.73 5712.13 5712.53 -5.0 1.7651 23.0 10.4461 311.9071112505707 146.7942 0 10000000
iras2020.txt 4038.1714 459.8059 5717.43 5717.83 5718.23 -5.0 1.755 23.0 10.4357 412.4913243354359 77.2601 10000 10010000
iras2020.txt 5972.4805 1000.0 5720.49 5720.89 5721.29 0.4559 1.6308 23.0 1.0647 0.3197733790136712 38.5289 0 10000
iras2020.txt 4000.0 29.1034 5723.27 5723.67 5724.07 -0.22 1.7748 23.0 1.1244 36.89217690922844 36.8675 0 10000000
iras2020.txt 5983.6328 1000.0 5731.36 5731.76 5732.16 5.0 1.6352 23.0 10.4103 56.45678592641686 49.0067 10000 10010000
iras2020.txt 4296.0156 111.3469 5731.89 5732.29 5732.69 5.0 1.6453 23.0 10.4094 124.07658316189216 44.6137 0 10010000
iras2020.txt 4000.0 11.453 5732.46 5732.86 5733.26 -4.749 1.7748 23.0 0.0 5.436212673902082 43.0464 0 10000000
iras2020.txt 5177.8125 195.6487 5737.82 5738.22 5738.62 5.0 1.4135 23.0 0.0 11.180898930423956 16.7127 0 10010000
iras2020.txt 5164.9219 565.1785 5741.46 5741.86 5742.26 -0.1656 1.4115 23.0 1.0282 817.1621368465256 41.1448 10000 10000
iras2020.txt 4078.7354 242.5413 5751.63 5752.03 5752.43 5.0 1.735 23.0 7.6608 212.86143865114488 61.4724 0 10010000
iras2020.txt 4370.7422 64.3098 5752.72 5753.12 5753.52 -5.0 1.6212 23.0 15.0 26.58765565534908 116.5948 0 10000000
iras2020.txt 4000.0 90.7653 5759.95 5760.35 5760.75 -5.0 1.7748 23.0 10.3578 22.578937785772208 100.931 0 10000000
iras2020.txt 4515.7422 66.0583 5762.03 5762.43 5762.83 -4.6796 1.5844 23.0 0.0 0.3119439124376857 112.0579 10000 10000
iras2020.txt 4000.0 351.177 5762.59 5762.99 5763.39 5.0 1.7748 23.0 9.15 167.948230210599 96.3246 0 10010000
iras2020.txt 5853.3301 1000.0 5774.68 5775.08 5775.48 5.0 1.5862 23.0 0.0344 6.1686485418521695 25.8428 0 10000000
iras2020.txt 4241.6992 163.6448 5778.07 5778.47 5778.87 5.0 1.665 23.0 1.7669 0.2688946250654511 56.2729 0 10000000
iras2020.txt 5290.0 1000.0 5793.53 5793.93 5794.33 0.0865 1.4327 23.0 1.0782 999999.0 999999000.0 10000000 0
iras2020.txt 4000.0 73.9073 5803.66 5804.06 5804.46 -5.0 1.7748 23.0 15.0 96.4012077916984 142.2293 0 10000000
iras2020.txt 5266.2451 927.6321 5806.33 5806.73 5807.13 -0.181 1.4283 23.0 1.0903 7.291825470568741 38.7575 0 10000
iras2020.txt 5274.6484 143.5891 5807.31 5807.71 5808.11 0.1097 1.4298 23.0 1.0852 202.97806933936604 21.9189 10000 10000
iras2020.txt 4000.0 29.7672 5808.81 5809.21 5809.61 5.0 1.7748 23.0 0.0 65.02950239999439 73.4793 0 10000000
iras2020.txt 4000.0 269.1462 5811.53 5811.93 5812.33 5.0 1.7748 23.0 0.0 13.884227051933724 55.8384 10000 10010000
iras2020.txt 4261.25 116.6179 5814.4 5814.8 5815.2 -5.0 1.6577 23.0 9.966 22.89312068568968 77.3308 0 10000000
iras2020.txt 5249.0234 17.4202 5815.97 5816.37 5816.77 2.108 1.4252 23.0 0.0 67.39554631714026 45.6802 0 10010000
iras2020.txt 4099.375 46.9211 5826.24 5826.64 5827.04 4.044 1.7252 23.0 0.0092 10.890801815143243 32.1401 0 10000
iras2020.txt 5315.4688 728.8411 5827.49 5827.89 5828.29 1.3594 1.4375 23.0 0.0847 1.118114927365964 10.8491 10000 10000
iras2020.txt 5994.0527 1000.0 5833.62 5834.02 5834.42 -1.6315 1.6394 23.0 0.0016 3.813528789315789 20.6113 0 0
iras2020.txt 5289.9219 181.5247 5834.7 5835.1 5835.5 0.036 1.4326 23.0 1.2802 29.02939160839564 26.8091 10000 10000
iras2020.txt 5330.752 118.7859 5837.31 5837.71 5838.11 -5.0 1.4406 23.0 0.0899 5.890909736051145 29.9781 0 10000000
iras2020.txt 5424.9219 192.1833 5847.72 5848.12 5848.52 -5.0 1.4608 23.0 15.0 8.999429347042497 32.5768 0 10000000
iras2020.txt 4762.8125 91.7268 5849.27 5849.67 5850.07 2.5203 1.5516 23.0 3.7998 0.8167957911007775 23.4277 0 0
iras2020.txt 5457.207 77.6052 5851.79 5852.19 5852.59 -5.0 1.4683 23.0 15.0 36.314991835476846 26.7563 0 10010000
iras2020.txt 4000.0 1.8805 5852.78 5853.18 5853.58 -5.0 1.7748 23.0 2.6982 1828.3978960534928 102.5325 10000 10010000
iras2020.txt 5310.9766 698.2019 5854.73 5855.13 5855.53 3.9371 1.4367 23.0 0.3838 0.6824146432709384 19.095 10000 10000
iras2020.txt 4000.0 1000.0 5855.68 5856.08 5856.48 1.5561 1.7748 23.0 1.3198 17.40197625816231 61.5184 0 10000000
iras2020.txt 5148.75 1000.0 5858.37 5858.77 5859.17 -0.2968 1.4091 23.0 0.8384 26.61183069090541 43.3451 10000 10000
iras2020.txt 4000.0 1000.0 5859.18 5859.58 5859.98 0.4838 1.7748 23.0 4.4025 18.51796766466471 77.255 0 10010000
iras2020.txt 4486.543 143.4749 5860.71 5861.11 5861.51 5.0 1.5908 23.0 0.0 3.432527981816721 24.5882 0 10010000
iras2020.txt 6205.0 1000.0 5861.95 5862.35 5862.75 999999.0 1.7303 23.0 999999.0 14.942344319614657 999999000.0 10000000 0
iras2020.txt 5310.0 42.8831 5872.81 5873.21 5873.61 -0.5104 1.4365 23.0 1.4799 469.8160165588858 17.7902 10000 10000
iras2020.txt 4017.5 1000.0 5875.87 5876.27 5876.67 0.6734 1.7656 23.0 2.8021 19.733179480073613 48.4571 0 10000
iras2020.txt 4125.3906 1000.0 5879.09 5879.49 5879.89 0.2447 1.7133 23.0 1.369 17.69027129082436 100.2784 0 0
iras2020.txt 4758.75 2.6462 5880.88 5881.28 5881.68 -5.0 1.5518 23.0 7.228 641.0258840881428 38.8689 10000 10010000
iras2020.txt 4000.0 412.3943 5883.41 5883.81 5884.21 5.0 1.7748 23.0 0.0 24.8920505197962 71.3027 0 10000000
iras2020.txt 6205.0 1000.0 5902.12 5902.52 5902.92 999999.0 1.7303 23.0 999999.0 5.9814602041946285 999999000.0 10000000 0
iras2020.txt 5262.1094 213.9016 5905.27 5905.67 5906.07 2.4733 1.4275 23.0 0.0 0.9761042852137556 37.5244 0 0
iras2020.txt 4296.8555 948.4617 5909.59 5909.99 5910.39 5.0 1.645 23.0 0.0 28.47025222092573 74.6997 0 10000000
iras2020.txt 5330.625 1000.0 5913.71 5914.11 5914.51 1.4649 1.4405 23.0 0.8326 69.32983844108988 76.5706 0 0
iras2020.txt 5023.125 83.5471 5915.84 5916.24 5916.64 0.7742 1.3932 23.0 0.0943 6.115765114320371 68.4688 0 10000
iras2020.txt 5267.5 853.9417 5920.16 5920.56 5920.96 2.6797 1.4285 23.0 0.2706 247.3990138143793 6.2271 10000 10000
iras2020.txt 4857.5 1000.0 5927.38 5927.78 5928.18 -4.4859 1.5491 23.0 2.0982 15.604842753067942 48.1577 0 0
iras2020.txt 4000.0 315.4036 5929.3 5929.7 5930.1 -5.0 1.7748 23.0 0.0 4.250884667239317 84.124 10000 10010000
iras2020.txt 5377.6953 1000.0 5929.77 5930.17 5930.57 5.0 1.4503 23.0 0.0 9.973998148206157 47.5882 0 10010000
iras2020.txt 4000.0 75.693 5934.25 5934.65 5935.05 5.0 1.7748 23.0 7.1842 43.28245720753535 128.0297 0 10000000
iras2020.txt 4070.2148 115.7747 5947.1 5947.5 5947.9 5.0 1.7391 23.0 0.0 59.84968183645634 24.269 10000 10010000
iras2020.txt 4918.1934 92.1843 5952.31 5952.71 5953.11 -5.0 1.5504 23.0 11.9738 2.272454579021292 84.7255 0 10000000
iras2020.txt 4000.0 28.9503 5956.3 5956.7 5957.1 5.0 1.7748 23.0 0.0 87.57772275837038 99.3229 0 10000000
iras2020.txt 4000.0 65.2108 5957.94 5958.34 5958.74 0.9447 1.7748 23.0 1.1789 19.991906056131583 73.8337 0 10000000
iras2020.txt 4070.9473 133.719 5962.86 5963.26 5963.66 5.0 1.7388 23.0 0.0 0.1758140367622284 64.5732 0 10000000
iras2020.txt 5220.0 392.1418 5974.19 5974.59 5974.99 -5.0 1.4202 23.0 0.0359 163.82819763706246 13.1014 10000 10010000
iras2020.txt 5150.0391 51.9314 5976.37 5976.77 5977.17 4.8759 1.4093 23.0 0.0 2.2456444517817284 42.3342 0 10000000
iras2020.txt 5309.8438 293.9202 5983.28 5983.68 5984.08 0.2675 1.4364 23.0 1.0631 170.735439932208 37.1882 10000 10000
iras2020.txt 5333.6133 115.1648 5984.41 5984.81 5985.21 5.0 1.4411 23.0 0.0 103.1604118583134 45.5856 0 10000000
iras2020.txt 4078.7354 262.8831 5986.66 5987.06 5987.46 5.0 1.735 23.0 0.0 28.56814366811932 62.6266 0 10010000
iras2020.txt 5295.0781 157.2415 5992.27 5992.67 5993.07 3.5222 1.4336 23.0 0.7808 20.665331389267543 4.2876 10000 10000
iras2020.txt 5276.7139 22.8552 5995.54 5995.94 5996.34 4.4524 1.4302 23.0 0.0 22.843340566266964 20.882 10000 10010000
iras2020.txt 4215.8203 238.7375 5997.38 5997.78 5998.18 -2.3773 1.675 23.0 1.024 6.034001322069468 57.4485 0 0
iras2020.txt 4000.0 312.5481 6002.61 6003.01 6003.41 5.0 1.7748 23.0 0.0131 26.067254595207384 82.8974 0 10000000
iras2020.txt 4078.7354 265.679 6007.56 6007.96 6008.36 2.1805 1.735 23.0 1.2196 98.79692724469125 98.9255 0 0
iras2020.txt 4287.7734 74.4397 6008.15 6008.55 6008.95 5.0 1.6482 23.0 0.0 4.319806299698406 84.042 0 10000000
iras2020.txt 5290.0 1000.0 6014.85 6015.25 6015.65 0.0013 1.4327 23.0 1.0703 999999.0 999999000.0 10000000 0
iras2020.txt 4000.0 12.8024 6018.96 6019.36 6019.76 -5.0 1.7748 23.0 9.7862 35.98878404054494 50.9446 0 10000000
iras2020.txt 4078.7354 384.7356 6019.76 6020.16 6020.56 5.0 1.735 23.0 0.0 30.73064678434185 62.287 0 10010000
iras2020.txt 4379.0625 211.4749 6023.64 6024.04 6024.44 0.7637 1.6188 23.0 1.0939 9.63224195044343 66.9497 0 10000
iras2020.txt 4000.0 515.8528 6026.66 6027.06 6027.46 0.6404 1.7748 23.0 1.1565 11.348608461542549 82.5958 0 10000000
iras2020.txt 5202.9395 65.3088 6033.64 6034.04 6034.44 0.3428 1.4174 23.0 1.1058 1104.1467403086483 28.3539 10000 10000
iras2020.txt 4000.0 109.1565 6053.7 6054.1 6054.5 5.0 1.7748 23.0 0.0 36.3221537968378 29.8821 0 10000000
iras2020.txt 4078.7598 412.3723 6055.59 6055.99 6056.39 -5.0 1.735 23.0 9.7265 43.41931578378208 64.5182 10000 10010000
iras2020.txt 4000.0 1000.0 6065.08 6065.48 6065.88 3.3133 1.7748 23.0 0.5104 94.8286698826283 124.1735 0 10000000
iras2020.txt 4672.5781 191.6565 6078.09 6078.49 6078.89 4.6345 1.5592 23.0 4.3075 0.8328438083253644 73.0862 0 10000
iras2020.txt 4078.6621 1000.0 6078.62 6079.02 6079.42 4.5334 1.7351 23.0 0.0997 9.272583266710436 50.0358 0 0
iras2020.txt 6040.0 1000.0 6082.32 6082.72 6083.12 -1.3503 1.658 23.0 1.0108 15.805522358516066 21.2882 0 0
iras2020.txt 5290.0 1000.0 6093.26 6093.66 6094.06 -0.405 1.4327 23.0 1.0408 999999.0 999999000.0 10000000 0
iras2020.txt 5290.0 1000.0 6094.02 6094.42 6094.82 0.1515 1.4327 23.0 1.1591 999999.0 999999000.0 10000000 0
iras2020.txt 5290.0 1000.0 6096.29 6096.69 6097.09 0.2517 1.4327 23.0 1.0959 999999.0 999999000.0 10000000 0
iras2020.txt 4078.3203 37.9348 6101.77 6102.17 6102.57 -5.0 1.7352 23.0 15.0 5.191086803204528 141.6834 10000 10010000
iras2020.txt 4099.9146 162.0271 6102.89 6103.29 6103.69 5.0 1.725 23.0 0.0 32.39214328793276 79.8548 10000 10010000
iras2020.txt 5285.9375 152.054 6104.75 6105.15 6105.55 0.6361 1.4319 23.0 1.4981 343.78892496754526 12.9108 10000 10000
iras2020.txt 5290.5273 132.1023 6106.69 6107.09 6107.49 -0.2029 1.4328 23.0 1.1567 19.14224432185581 46.8362 0 0
iras2020.txt 5302.5 505.7634 6113.99 6114.39 6114.79 -5.0 1.435 23.0 9.756 1224.491507274329 23.091 10000 10010000
iras2020.txt 4000.0 27.2025 6119.85 6120.25 6120.65 5.0 1.7748 23.0 4.8779 126.1309228359576 80.0335 0 10000000
iras2020.txt 4598.125 1000.0 6127.5 6127.9 6128.3 1.4809 1.5692 23.0 1.2339 9.340982114135487 68.3618 0 0
iras2020.txt 4370.0 36.5657 6136.21 6136.61 6137.01 0.4755 1.6215 23.0 1.1138 43.80842555638022 201.3266 0 0
iras2020.txt 4000.0 19.0219 6137.29 6137.69 6138.09 0.6789 1.7748 23.0 0.9371 181.38176910355 159.9406 0 10000000
iras2020.txt 4789.3555 135.9758 6151.21 6151.61 6152.01 5.0 1.5503 23.0 0.0 32.081756616242565 62.5819 0 10000000
iras2020.txt 4000.0 28.5209 6157.32 6157.72 6158.12 5.0 1.7748 23.0 0.0 314.7239147875578 77.5498 10000 10010000
iras2020.txt 5245.0 290.9709 6159.01 6159.41 6159.81 3.0171 1.4245 23.0 0.9453 6.988000221821419 35.0221 10000 10000
iras2020.txt 5080.0 96.8108 6164.96 6165.36 6165.76 -1.6727 1.3998 23.0 0.9937 63.35775223574206 43.1961 10000 10000
iras2020.txt 5290.0 1000.0 6172.93 6173.33 6173.73 -0.0586 1.4327 23.0 1.1212 999999.0 999999000.0 10000000 0
iras2020.txt 5252.2852 62.657 6179.8 6180.2 6180.6 -1.1406 1.4258 23.0 9.53 192.0162680836457 48.9611 10000 10000
iras2020.txt 4000.0 36.848 6187.0 6187.4 6187.8 -5.0 1.7748 23.0 8.66 163.90997412115212 62.2805 0 10000000
iras2020.txt 5263.6328 6.3806 6187.58 6187.98 6188.38 3.7114 1.4278 23.0 0.608 169.52371455858577 33.1798 10000 10000
iras2020.txt 4330.0 1000.0 6191.15 6191.55 6191.95 0.3171 1.6339 23.0 0.0 3.11954189516364 169.1989 0 10000000
iras2020.txt 4000.0 49.9679 6199.91 6200.31 6200.71 1.5665 1.7748 23.0 4.3531 3.058879252000424 96.4532 0 10010000
iras2020.txt 5301.25 463.3416 6211.66 6212.06 6212.46 0.2027 1.4348 23.0 1.0722 762.4777557311699 4.6488 10000 10000
iras2020.txt 4000.0 86.6493 6213.02 6213.42 6213.82 -3.85 1.7748 23.0 14.68 0.2277098173319783 170.1254 0 10000000
iras2020.txt 5760.0098 1000.0 6214.74 6215.14 6215.54 0.7283 1.5542 23.0 0.8949 32.87549861800472 57.8629 0 10000
iras2020.txt 4290.0 86.4934 6218.87 6219.27 6219.67 2.1306 1.6474 23.0 0.6062 17.85294498356398 122.4704 0 0
iras2020.txt 5307.4609 3.2405 6220.37 6220.77 6221.17 -0.8685 1.436 23.0 0.9872 664.5261391677144 37.0056 10000 10000
iras2020.txt 4000.0 297.3645 6226.37 6226.77 6227.17 -5.0 1.7748 23.0 0.0 66.83417365510097 39.5245 0 10000000
iras2020.txt 5957.4609 1000.0 6228.82 6229.22 6229.62 -5.0 1.625 23.0 0.0 3.1163840793495408 43.8962 10000 10010000
iras2020.txt 4647.5 1000.0 6230.32 6230.72 6231.12 0.5292 1.5622 23.0 1.0829 56.01730586175284 155.4372 0 10000
iras2020.txt 5250.0 354.3904 6232.24 6232.64 6233.04 -0.5146 1.4254 23.0 1.04 232.28578532303712 54.0006 10000 10000
iras2020.txt 5610.0 1000.0 6240.24 6240.64 6241.04 0.6245 1.5082 23.0 1.0707 64.1653867129572 33.6557 0 0
iras2020.txt 4448.7305 239.1868 6245.91 6246.31 6246.71 5.0 1.5998 23.0 0.0 84.60747786552805 85.4746 0 10000000
iras2020.txt 5290.0 1000.0 6252.15 6252.55 6252.95 0.0801 1.4327 23.0 1.083 999999.0 999999000.0 10000000 0
iras2020.txt 5290.0 1000.0 6253.85 6254.25 6254.65 -0.2979 1.4327 23.0 1.0894 999999.0 999999000.0 10000000 0
iras2020.txt 5290.0 1000.0 6255.95 6256.35 6256.75 -0.356 1.4327 23.0 1.0303 999999.0 999999000.0 10000000 0
iras2020.txt 5195.2344 54.0662 6264.73 6265.13 6265.53 5.0 1.4162 23.0 0.0338 123.31737080892476 79.6418 0 10010000
iras2020.txt 4077.9785 230.6799 6267.44 6267.84 6268.24 5.0 1.7354 23.0 0.0 3.472084202833693 70.8352 10000 10010000
iras2020.txt 4000.0 228.2996 6269.82 6270.22 6270.62 5.0 1.7748 23.0 0.0 36.72303243169109 73.6356 0 10000000
iras2020.txt 4000.0 208.719 6270.89 6271.29 6271.69 -5.0 1.7748 23.0 9.5104 409.1713445213288 71.2109 0 10010000
iras2020.txt 4586.4844 104.4548 6280.21 6280.61 6281.01 3.7229 1.5711 23.0 0.0 77.29562372885545 107.932 0 10000
iras2020.txt 5510.0 1000.0 6290.56 6290.96 6291.36 3.1695 1.4813 23.0 0.0 1.5807569784270787 37.8854 0 10000
iras2020.txt 4062.6953 38.8123 6293.53 6293.93 6294.33 1.4205 1.7428 23.0 0.0085 1.416115925553064 40.9326 0 10000
iras2020.txt 4109.5703 53.8855 6297.4 6297.8 6298.2 5.0 1.7205 23.0 0.0 70.80940414857486 110.3774 0 10010000
iras2020.txt 4000.0 273.9128 6301.1 6301.5 6301.9 5.0 1.7748 23.0 0.0 42.40514092247817 96.9084 0 10010000
iras2020.txt 4902.3438 126.6174 6302.09 6302.49 6302.89 5.0 1.5498 23.0 0.0 20.288142379992387 65.9176 0 10000000
iras2020.txt 4000.0 1000.0 6307.45 6307.85 6308.25 -0.62 1.7748 23.0 0.1846 9.037673259360703 14.3912 0 10010000
iras2020.txt 4000.0 83.7347 6311.18 6311.58 6311.98 5.0 1.7748 23.0 0.0 339.6149344882363 80.7829 0 10010000
iras2020.txt 5537.5977 1000.0 6315.41 6315.81 6316.21 5.0 1.4884 23.0 0.0 10.10095045558513 31.9735 10000 10010000
iras2020.txt 4000.0 12.1498 6317.61 6318.01 6318.41 5.0 1.7748 23.0 0.0 63.89084200833332 135.1038 0 10010000
iras2020.txt 5010.3125 142.2629 6322.28 6322.68 6323.08 5.0 1.3918 23.0 0.0 65.85342417922122 54.4424 0 10000000
iras2020.txt 4078.009 211.1519 6330.46 6330.86 6331.26 5.0 1.7354 23.0 0.0 148.3145319226651 31.9243 10000 10010000
iras2020.txt 5290.0 1000.0 6334.92 6335.32 6335.72 -0.0969 1.4327 23.0 1.1393 999999.0 999999000.0 10000000 0
iras2020.txt 5290.0 1000.0 6336.42 6336.82 6337.22 -0.2493 1.4327 23.0 1.0981 999999.0 999999000.0 10000000 0
iras2020.txt 5290.0 1000.0 6339.57 6339.97 6340.37 -0.0203 1.4327 23.0 1.0359 999999.0 999999000.0 10000000 0
iras2020.txt 5935.3125 1000.0 6343.74 6344.14 6344.54 5.0 1.6164 23.0 0.0 125.38910699307851 32.578 0 10000000
iras2020.txt 4525.0 83.238 6353.44 6353.84 6354.24 -2.411 1.5825 23.0 1.0448 5.830983673029101 47.4758 10000 10000
iras2020.txt 4000.0 223.3206 6354.62 6355.02 6355.42 5.0 1.7748 23.0 0.0 340.09847548915303 82.307 10000 10010000
iras2020.txt 4000.0 11.8915 6358.29 6358.69 6359.09 4.9635 1.7748 23.0 0.0 88.98281651750224 113.8006 0 10010000
iras2020.txt 4970.9961 48.803 6363.98 6364.38 6364.78 5.0 1.5534 23.0 15.0 70.37906697934206 61.6119 10000 10010000
iras2020.txt 4143.8904 201.8848 6380.34 6380.74 6381.14 5.0 1.7051 23.0 0.0931 304.4344737428321 66.1272 10000 10010000
iras2020.txt 4000.0 35.8341 6392.15 6392.55 6392.95 -5.0 1.7748 23.0 0.0 47.00171915378771 71.0888 0 10000000
iras2020.txt 4000.0 12.7313 6393.2 6393.6 6394.0 0.8716 1.7748 23.0 0.8922 178.21752799190264 146.1074 0 10010000
iras2020.txt 5140.0391 1000.0 6399.6 6400.0 6400.4 -5.0 1.4078 23.0 15.0 4.770458045347598 116.1278 10000 10010000
iras2020.txt 4000.0 159.6736 6407.61 6408.01 6408.41 -5.0 1.7748 23.0 9.3065 370.553447251379 97.1173 10000 10010000
iras2020.txt 5000.957 160.5183 6411.25 6411.65 6412.05 5.0 1.3908 23.0 0.0 37.57943584534008 70.1478 0 10000000
iras2020.txt 6171.7188 1000.0 6416.53 6416.93 6417.33 5.0 1.715 23.0 0.0337 39.529446428977145 50.5377 0 10010000
iras2020.txt 5290.0 1000.0 6419.54 6419.94 6420.34 -0.2634 1.4327 23.0 1.0626 999999.0 999999000.0 10000000 0
iras2020.txt 5290.0 1000.0 6420.94 6421.34 6421.74 0.1057 1.4327 23.0 1.1835 999999.0 999999000.0 10000000 0
iras2020.txt 4263.125 77.6086 6430.44 6430.84 6431.24 0.6243 1.657 23.0 0.8415 130.42097068645353 137.6464 0 0
iras2020.txt 4000.0 119.7556 6494.58 6494.98 6495.38 4.6475 1.7748 23.0 0.0944 8.047792180536323 170.3421 0 10000000
iras2020.txt 4000.0 482.2258 6498.55 6498.95 6499.35 3.784 1.7748 23.0 0.2914 52.5319352438079 124.2035 0 10000000
iras2020.txt 5248.5059 36.1433 6503.78 6504.18 6504.58 0.2211 1.4251 23.0 1.0989 16.61560646409221 46.8626 0 10000
iras2020.txt 5290.0 1000.0 6517.96 6518.36 6518.76 -0.0864 1.4327 23.0 1.1325 999999.0 999999000.0 10000000 0
iras2020.txt 4191.0278 246.7385 6533.57 6533.97 6534.37 5.0 1.685 23.0 0.0508 305.289171204132 38.2381 10000 10010000
iras2020.txt 4948.6914 135.0696 6545.83 6546.23 6546.63 5.0 1.5519 23.0 0.0249 36.75471958812368 74.6428 0 10010000
iras2020.txt 5157.793 219.0212 6551.28 6551.68 6552.08 1.4548 1.4104 23.0 0.0 3.00190926306858 25.3481 0 10000
iras2020.txt 5000.0 1000.0 6556.39 6556.79 6557.19 -1.0465 1.3908 23.0 1.2207 8.86859812312831 26.8455 0 10000
iras2020.txt 4000.0 11.6737 6568.8 6569.2 6569.6 3.5229 1.7748 23.0 0.1866 126.49794250181895 71.4821 10000 10010000
iras2020.txt 5284.8438 4.2732 6573.84 6574.24 6574.64 5.0 1.4317 23.0 8.95 267.9448269737848 48.3712 10000 10010000
iras2020.txt 4459.0625 25.9026 6574.61 6575.01 6575.41 3.2004 1.5972 23.0 1.1154 11.57272587324764 79.5368 0 0
iras2020.txt 5143.4375 160.342 6580.82 6581.22 6581.62 5.0 1.4083 23.0 0.0 17.983578303840254 34.5734 0 10010000
iras2020.txt 4700.0 3.7224 6590.92 6591.32 6591.72 5.0 1.5564 23.0 0.0165 429.53709127863726 26.4769 10000 10010000
iras2020.txt 4458.7109 116.4075 6592.51 6592.91 6593.31 5.0 1.5973 23.0 0.0 26.42533831682888 127.5364 0 10000000
iras2020.txt 4835.7227 86.5242 6593.47 6593.87 6594.27 5.0 1.5492 23.0 0.0 65.56054733639493 68.2536 0 10000000
iras2020.txt 5290.0 1000.0 6597.21 6597.61 6598.01 -0.2417 1.4327 23.0 1.1291 999999.0 999999000.0 10000000 0
iras2020.txt 5290.0 1000.0 6607.63 6608.03 6608.43 -0.1956 1.4327 23.0 1.0997 999999.0 999999000.0 10000000 0
iras2020.txt 5290.0 1000.0 6608.71 6609.11 6609.51 -0.2134 1.4327 23.0 1.0588 999999.0 999999000.0 10000000 0
iras2020.txt 4000.0 246.1462 6627.16 6627.56 6627.96 -1.2765 1.7748 23.0 0.9231 32.13494571762439 36.3259 0 10010000
iras2020.txt 5231.7383 121.2458 6633.34 6633.74 6634.14 -5.0 1.4222 23.0 0.0 6.4342766535341145 56.5823 0 10000000
iras2020.txt 4000.0 56.1627 6646.58 6646.98 6647.38 -5.0 1.7748 23.0 0.0 94.2295585134696 25.2221 0 10010000
iras2020.txt 4000.0 73.5743 6647.68 6648.08 6648.48 5.0 1.7748 23.0 0.0 27.946726406097632 54.81 0 10010000
iras2020.txt 5267.0312 21.4128 6653.48 6653.88 6654.28 -3.6044 1.4284 23.0 0.2167 18.4439877972974 13.3555 10000 10000
iras2020.txt 4309.9902 86.2888 6665.07 6665.47 6665.87 -1.2774 1.6406 23.0 0.4563 1.0340255728897414 79.2914 0 0
iras2020.txt 4690.0 1000.0 6667.02 6667.42 6667.82 0.2608 1.5573 23.0 1.1109 18.2520077964888 53.6308 0 0
iras2020.txt 4000.0 92.6368 6677.58 6677.98 6678.38 5.0 1.7748 23.0 0.0 57.60310808710297 148.5056 0 10000000
iras2020.txt 5290.0 1000.0 6703.17 6703.57 6703.97 0.0375 1.4327 23.0 1.1073 999999.0 999999000.0 10000000 0
iras2020.txt 5280.0 279.2815 6704.7 6705.1 6705.5 -1.7347 1.4308 23.0 0.9563 48.19492671490613 30.6978 10000 10000
iras2020.txt 4850.7812 77.6462 6709.91 6710.31 6710.71 5.0 1.5491 23.0 0.0 48.67029489303495 41.5035 0 10010000
iras2020.txt 4730.0 1000.0 6712.64 6713.04 6713.44 -0.518 1.5538 23.0 1.1195 1.0430181274463333 53.3723 0 0
iras2020.txt 4166.9922 196.6809 6713.36 6713.76 6714.16 -5.0 1.6951 23.0 8.2517 104.02967507769937 31.1038 10000 10010000
iras2020.txt 4000.0 7.3712 6715.01 6715.41 6715.81 2.8659 1.7748 23.0 0.0 134.0866383029636 52.6033 10000 10010000
iras2020.txt 4038.1836 224.3118 6724.99 6725.39 6725.79 -5.0 1.755 23.0 8.8651 345.9535093460317 34.4036 10000 10010000
iras2020.txt 4000.0 704.2595 6726.26 6726.66 6727.06 -5.0 1.7748 23.0 15.0 24.185297956962103 38.2435 0 10010000
iras2020.txt 4037.998 172.1116 6731.66 6732.06 6732.46 5.0 1.7551 23.0 8.8564 58.55808504655349 31.4423 10000 10010000
iras2020.txt 4058.1543 408.1824 6732.76 6733.16 6733.56 -4.7196 1.745 23.0 0.7931 81.3607460270917 42.4923 10000 10000
iras2020.txt 4115.0391 130.2869 6737.58 6737.98 6738.38 5.0 1.718 23.0 0.0 83.99202568470686 29.4265 10000 10010000
iras2020.txt 4000.0 210.1086 6739.14 6739.54 6739.94 -5.0 1.7748 23.0 0.0 13.885029395698522 75.1625 0 10010000
iras2020.txt 4756.2402 114.429 6749.75 6750.15 6750.55 5.0 1.552 23.0 0.0 65.2171239311772 60.6185 0 10010000
iras2020.txt 5052.5 55.1975 6752.32 6752.72 6753.12 4.8032 1.3965 23.0 0.7634 2.9507409351610425 33.7038 0 0
iras2020.txt 4165.2344 1000.0 6753.05 6753.45 6753.85 -0.364 1.6958 23.0 1.1229 29.85643654734822 39.7734 10000 10000
iras2020.txt 5314.9219 201.1018 6763.71 6764.11 6764.51 0.9086 1.4374 23.0 0.7019 82.6149258641747 6.9661 10000 10000
iras2020.txt 5326.3477 78.7947 6806.45 6806.85 6807.25 -0.0708 1.4397 23.0 1.0781 38.72126737758293 47.7818 0 0
iras2020.txt 4167.041 463.4299 6809.85 6810.25 6810.65 -5.0 1.695 23.0 15.0 5.175684577727757 43.3478 0 10010000
iras2020.txt 4018.0664 352.0818 6820.03 6820.43 6820.83 5.0 1.7653 23.0 0.0 306.01711466413764 33.6794 10000 10010000
iras2020.txt 4000.0 164.8694 6828.19 6828.59 6828.99 5.0 1.7748 23.0 3.7896 3.9875699240526297 60.0618 0 10000000
iras2020.txt 4166.8945 220.2717 6836.6 6837.0 6837.4 -5.0 1.6951 23.0 8.7193 73.87994383578773 29.8405 10000 10010000
iras2020.txt 4978.8086 122.6414 6840.93 6841.33 6841.73 -5.0 1.554 23.0 6.1324 3.305042562597011 63.0566 0 10000000
iras2020.txt 4191.0278 185.8557 6842.27 6842.67 6843.07 5.0 1.685 23.0 0.0 62.89247991811633 53.0778 0 10010000
iras2020.txt 5290.0 1000.0 6843.24 6843.64 6844.04 0.5076 1.4327 23.0 1.0602 25.831359958881716 36.2348 0 10000
iras2020.txt 4680.1562 116.0193 6851.24 6851.64 6852.04 2.4107 1.5584 23.0 0.9953 4.365771282494153 29.2681 0 0
iras2020.txt 4121.25 315.3147 6854.76 6855.16 6855.56 -0.3149 1.7152 23.0 1.1106 23.12515890562936 85.2474 0 0
iras2020.txt 4000.0 28.0404 6856.85 6857.25 6857.65 -5.0 1.7748 23.0 8.6936 31.213438658530524 50.3907 0 10010000
iras2020.txt 4325.0 1000.0 6857.74 6858.14 6858.54 -0.0831 1.6356 23.0 1.0823 307.1015851641075 52.7424 10000 10000
iras2020.txt 5261.1719 374.0002 7129.9 7130.3 7130.7 0.7607 1.4274 23.0 0.9732 1890.1514950059743 28.0967 10000 10000
iras2020.txt 5290.0 1000.0 7912.46 7912.86 7913.26 0.1734 1.4327 23.0 1.063 999999.0 999999000.0 10000000 0
