4.839920000000000073e+03 4.840319999999999709e+03 4.840719999999999345e+03
5.001460000000000036e+03 5.001859999999999673e+03 5.002259999999999309e+03
5.002390000000000327e+03 5.002789999999999964e+03 5.003189999999999600e+03
5.011660000000000764e+03 5.012060000000000400e+03 5.012460000000000036e+03
5.011750000000000000e+03 5.012149999999999636e+03 5.012549999999999272e+03
5.014539999999999964e+03 5.014939999999999600e+03 5.015339999999999236e+03
5.021840000000000146e+03 5.022239999999999782e+03 5.022639999999999418e+03
5.026730000000000473e+03 5.027130000000000109e+03 5.027529999999999745e+03
5.027360000000000582e+03 5.027760000000000218e+03 5.028159999999999854e+03
5.027730000000000473e+03 5.028130000000000109e+03 5.028529999999999745e+03
5.029220000000000255e+03 5.029619999999999891e+03 5.030019999999999527e+03
5.031500000000000000e+03 5.031899999999999636e+03 5.032299999999999272e+03
5.038850000000000364e+03 5.039250000000000000e+03 5.039649999999999636e+03
5.043810000000000400e+03 5.044210000000000036e+03 5.044609999999999673e+03
5.048030000000000655e+03 5.048430000000000291e+03 5.048829999999999927e+03
5.049420000000000073e+03 5.049819999999999709e+03 5.050219999999999345e+03
5.051230000000000473e+03 5.051630000000000109e+03 5.052029999999999745e+03
5.054240000000000691e+03 5.054640000000000327e+03 5.055039999999999964e+03
5.058100000000000364e+03 5.058500000000000000e+03 5.058899999999999636e+03
5.064550000000000182e+03 5.064949999999999818e+03 5.065349999999999454e+03
5.066750000000000000e+03 5.067149999999999636e+03 5.067549999999999272e+03
5.068370000000000800e+03 5.068770000000000437e+03 5.069170000000000073e+03
5.072270000000000437e+03 5.072670000000000073e+03 5.073069999999999709e+03
5.074350000000000364e+03 5.074750000000000000e+03 5.075149999999999636e+03
5.075860000000000582e+03 5.076260000000000218e+03 5.076659999999999854e+03
5.078820000000000618e+03 5.079220000000000255e+03 5.079619999999999891e+03
5.082940000000000509e+03 5.083340000000000146e+03 5.083739999999999782e+03
5.087760000000000218e+03 5.088159999999999854e+03 5.088559999999999491e+03
5.090380000000000109e+03 5.090779999999999745e+03 5.091179999999999382e+03
5.098289999999999964e+03 5.098689999999999600e+03 5.099089999999999236e+03
5.104039999999999964e+03 5.104439999999999600e+03 5.104839999999999236e+03
5.109250000000000000e+03 5.109649999999999636e+03 5.110049999999999272e+03
5.110010000000000218e+03 5.110409999999999854e+03 5.110809999999999491e+03
5.123320000000000618e+03 5.123720000000000255e+03 5.124119999999999891e+03
5.126950000000000728e+03 5.127350000000000364e+03 5.127750000000000000e+03
5.131070000000000618e+03 5.131470000000000255e+03 5.131869999999999891e+03
5.133289999999999964e+03 5.133689999999999600e+03 5.134089999999999236e+03
5.135690000000000509e+03 5.136090000000000146e+03 5.136489999999999782e+03
5.136980000000000473e+03 5.137380000000000109e+03 5.137779999999999745e+03
5.141340000000000146e+03 5.141739999999999782e+03 5.142139999999999418e+03
5.142140000000000327e+03 5.142539999999999964e+03 5.142939999999999600e+03
5.143329999999999927e+03 5.143729999999999563e+03 5.144129999999999200e+03
5.150440000000000509e+03 5.150840000000000146e+03 5.151239999999999782e+03
5.151510000000000218e+03 5.151909999999999854e+03 5.152309999999999491e+03
5.158660000000000764e+03 5.159060000000000400e+03 5.159460000000000036e+03
5.161870000000000800e+03 5.162270000000000437e+03 5.162670000000000073e+03
5.165010000000000218e+03 5.165409999999999854e+03 5.165809999999999491e+03
5.165880000000000109e+03 5.166279999999999745e+03 5.166679999999999382e+03
5.171200000000000728e+03 5.171600000000000364e+03 5.172000000000000000e+03
5.178400000000000546e+03 5.178800000000000182e+03 5.179199999999999818e+03
5.178550000000000182e+03 5.178949999999999818e+03 5.179349999999999454e+03
5.179670000000000073e+03 5.180069999999999709e+03 5.180469999999999345e+03
5.187510000000000218e+03 5.187909999999999854e+03 5.188309999999999491e+03
5.191060000000000400e+03 5.191460000000000036e+03 5.191859999999999673e+03
5.191950000000000728e+03 5.192350000000000364e+03 5.192750000000000000e+03
5.194539999999999964e+03 5.194939999999999600e+03 5.195339999999999236e+03
5.195079999999999927e+03 5.195479999999999563e+03 5.195879999999999200e+03
5.195660000000000764e+03 5.196060000000000400e+03 5.196460000000000036e+03
5.197530000000000655e+03 5.197930000000000291e+03 5.198329999999999927e+03
5.198310000000000400e+03 5.198710000000000036e+03 5.199109999999999673e+03
5.201930000000000291e+03 5.202329999999999927e+03 5.202729999999999563e+03
5.209500000000000000e+03 5.209899999999999636e+03 5.210299999999999272e+03
5.212950000000000728e+03 5.213350000000000364e+03 5.213750000000000000e+03
5.214780000000000655e+03 5.215180000000000291e+03 5.215579999999999927e+03
5.215870000000000800e+03 5.216270000000000437e+03 5.216670000000000073e+03
5.216990000000000691e+03 5.217390000000000327e+03 5.217789999999999964e+03
5.222789999999999964e+03 5.223189999999999600e+03 5.223589999999999236e+03
5.225130000000000109e+03 5.225529999999999745e+03 5.225929999999999382e+03
5.228010000000000218e+03 5.228409999999999854e+03 5.228809999999999491e+03
5.229440000000000509e+03 5.229840000000000146e+03 5.230239999999999782e+03
5.230990000000000691e+03 5.231390000000000327e+03 5.231789999999999964e+03
5.232530000000000655e+03 5.232930000000000291e+03 5.233329999999999927e+03
5.234980000000000473e+03 5.235380000000000109e+03 5.235779999999999745e+03
5.235789999999999964e+03 5.236189999999999600e+03 5.236589999999999236e+03
5.239950000000000728e+03 5.240350000000000364e+03 5.240750000000000000e+03
5.242090000000000146e+03 5.242489999999999782e+03 5.242889999999999418e+03
5.243380000000000109e+03 5.243779999999999745e+03 5.244179999999999382e+03
5.246650000000000546e+03 5.247050000000000182e+03 5.247449999999999818e+03
5.249810000000000400e+03 5.250210000000000036e+03 5.250609999999999673e+03
5.250240000000000691e+03 5.250640000000000327e+03 5.251039999999999964e+03
5.252630000000000109e+03 5.253029999999999745e+03 5.253429999999999382e+03
5.253060000000000400e+03 5.253460000000000036e+03 5.253859999999999673e+03
5.262900000000000546e+03 5.263300000000000182e+03 5.263699999999999818e+03
5.266150000000000546e+03 5.266550000000000182e+03 5.266949999999999818e+03
5.266880000000000109e+03 5.267279999999999745e+03 5.267679999999999382e+03
5.269140000000000327e+03 5.269539999999999964e+03 5.269939999999999600e+03
5.269950000000000728e+03 5.270350000000000364e+03 5.270750000000000000e+03
5.272760000000000218e+03 5.273159999999999854e+03 5.273559999999999491e+03
5.281390000000000327e+03 5.281789999999999964e+03 5.282189999999999600e+03
5.283220000000000255e+03 5.283619999999999891e+03 5.284019999999999527e+03
5.284720000000000255e+03 5.285119999999999891e+03 5.285519999999999527e+03
5.288130000000000109e+03 5.288529999999999745e+03 5.288929999999999382e+03
5.293570000000000618e+03 5.293970000000000255e+03 5.294369999999999891e+03
5.294160000000000764e+03 5.294560000000000400e+03 5.294960000000000036e+03
5.294920000000000073e+03 5.295319999999999709e+03 5.295719999999999345e+03
5.301900000000000546e+03 5.302300000000000182e+03 5.302699999999999818e+03
5.306960000000000036e+03 5.307359999999999673e+03 5.307759999999999309e+03
5.314670000000000073e+03 5.315069999999999709e+03 5.315469999999999345e+03
5.315380000000000109e+03 5.315779999999999745e+03 5.316179999999999382e+03
5.317120000000000800e+03 5.317520000000000437e+03 5.317920000000000073e+03
5.319650000000000546e+03 5.320050000000000182e+03 5.320449999999999818e+03
5.320710000000000036e+03 5.321109999999999673e+03 5.321509999999999309e+03
5.321640000000000327e+03 5.322039999999999964e+03 5.322439999999999600e+03
5.323770000000000437e+03 5.324170000000000073e+03 5.324569999999999709e+03
5.326390000000000327e+03 5.326789999999999964e+03 5.327189999999999600e+03
5.327630000000000109e+03 5.328029999999999745e+03 5.328429999999999382e+03
5.329579999999999927e+03 5.329979999999999563e+03 5.330379999999999200e+03
5.332490000000000691e+03 5.332890000000000327e+03 5.333289999999999964e+03
5.333360000000000582e+03 5.333760000000000218e+03 5.334159999999999854e+03
5.339520000000000437e+03 5.339920000000000073e+03 5.340319999999999709e+03
5.340620000000000800e+03 5.341020000000000437e+03 5.341420000000000073e+03
5.352970000000000255e+03 5.353369999999999891e+03 5.353769999999999527e+03
5.357720000000000255e+03 5.358119999999999891e+03 5.358519999999999527e+03
5.361220000000000255e+03 5.361619999999999891e+03 5.362019999999999527e+03
5.364470000000000255e+03 5.364869999999999891e+03 5.365269999999999527e+03
5.364990000000000691e+03 5.365390000000000327e+03 5.365789999999999964e+03
5.367060000000000400e+03 5.367460000000000036e+03 5.367859999999999673e+03
5.369550000000000182e+03 5.369949999999999818e+03 5.370349999999999454e+03
5.371079999999999927e+03 5.371479999999999563e+03 5.371879999999999200e+03
5.373289999999999964e+03 5.373689999999999600e+03 5.374089999999999236e+03
5.374360000000000582e+03 5.374760000000000218e+03 5.375159999999999854e+03
5.376450000000000728e+03 5.376850000000000364e+03 5.377250000000000000e+03
5.379170000000000073e+03 5.379569999999999709e+03 5.379969999999999345e+03
5.382070000000000618e+03 5.382470000000000255e+03 5.382869999999999891e+03
5.382960000000000036e+03 5.383359999999999673e+03 5.383759999999999309e+03
5.383800000000000182e+03 5.384199999999999818e+03 5.384599999999999454e+03
5.385180000000000291e+03 5.385579999999999927e+03 5.385979999999999563e+03
5.385940000000000509e+03 5.386340000000000146e+03 5.386739999999999782e+03
5.389070000000000618e+03 5.389470000000000255e+03 5.389869999999999891e+03
5.391050000000000182e+03 5.391449999999999818e+03 5.391849999999999454e+03
5.392760000000000218e+03 5.393159999999999854e+03 5.393559999999999491e+03
5.394850000000000364e+03 5.395250000000000000e+03 5.395649999999999636e+03
5.396720000000000255e+03 5.397119999999999891e+03 5.397519999999999527e+03
5.397870000000000800e+03 5.398270000000000437e+03 5.398670000000000073e+03
5.400100000000000364e+03 5.400500000000000000e+03 5.400899999999999636e+03
5.400870000000000800e+03 5.401270000000000437e+03 5.401670000000000073e+03
5.403710000000000036e+03 5.404109999999999673e+03 5.404509999999999309e+03
5.405370000000000800e+03 5.405770000000000437e+03 5.406170000000000073e+03
5.406370000000000800e+03 5.406770000000000437e+03 5.407170000000000073e+03
5.408730000000000473e+03 5.409130000000000109e+03 5.409529999999999745e+03
5.410510000000000218e+03 5.410909999999999854e+03 5.411309999999999491e+03
5.412400000000000546e+03 5.412800000000000182e+03 5.413199999999999818e+03
5.414789999999999964e+03 5.415189999999999600e+03 5.415589999999999236e+03
5.416630000000000109e+03 5.417029999999999745e+03 5.417429999999999382e+03
5.423660000000000764e+03 5.424060000000000400e+03 5.424460000000000036e+03
5.429289999999999964e+03 5.429689999999999600e+03 5.430089999999999236e+03
5.432539999999999964e+03 5.432939999999999600e+03 5.433339999999999236e+03
5.434120000000000800e+03 5.434520000000000437e+03 5.434920000000000073e+03
5.435900000000000546e+03 5.436300000000000182e+03 5.436699999999999818e+03
5.436180000000000291e+03 5.436579999999999927e+03 5.436979999999999563e+03
5.436800000000000182e+03 5.437199999999999818e+03 5.437599999999999454e+03
5.440920000000000073e+03 5.441319999999999709e+03 5.441719999999999345e+03
5.443010000000000218e+03 5.443409999999999854e+03 5.443809999999999491e+03
5.444640000000000327e+03 5.445039999999999964e+03 5.445439999999999600e+03
5.446470000000000255e+03 5.446869999999999891e+03 5.447269999999999527e+03
5.451720000000000255e+03 5.452119999999999891e+03 5.452519999999999527e+03
5.455200000000000728e+03 5.455600000000000364e+03 5.456000000000000000e+03
5.456120000000000800e+03 5.456520000000000437e+03 5.456920000000000073e+03
5.461140000000000327e+03 5.461539999999999964e+03 5.461939999999999600e+03
5.462560000000000400e+03 5.462960000000000036e+03 5.463359999999999673e+03
5.463880000000000109e+03 5.464279999999999745e+03 5.464679999999999382e+03
5.465990000000000691e+03 5.466390000000000327e+03 5.466789999999999964e+03
5.469690000000000509e+03 5.470090000000000146e+03 5.470489999999999782e+03
5.472780000000000655e+03 5.473180000000000291e+03 5.473579999999999927e+03
5.473500000000000000e+03 5.473899999999999636e+03 5.474299999999999272e+03
5.480460000000000036e+03 5.480859999999999673e+03 5.481259999999999309e+03
5.487340000000000146e+03 5.487739999999999782e+03 5.488139999999999418e+03
5.491440000000000509e+03 5.491840000000000146e+03 5.492239999999999782e+03
5.494060000000000400e+03 5.494460000000000036e+03 5.494859999999999673e+03
5.496170000000000073e+03 5.496569999999999709e+03 5.496969999999999345e+03
5.497110000000000582e+03 5.497510000000000218e+03 5.497909999999999854e+03
5.499200000000000728e+03 5.499600000000000364e+03 5.500000000000000000e+03
5.501060000000000400e+03 5.501460000000000036e+03 5.501859999999999673e+03
5.506370000000000800e+03 5.506770000000000437e+03 5.507170000000000073e+03
5.518140000000000327e+03 5.518539999999999964e+03 5.518939999999999600e+03
5.522039999999999964e+03 5.522439999999999600e+03 5.522839999999999236e+03
5.523850000000000364e+03 5.524250000000000000e+03 5.524649999999999636e+03
5.525130000000000109e+03 5.525529999999999745e+03 5.525929999999999382e+03
5.528750000000000000e+03 5.529149999999999636e+03 5.529549999999999272e+03
5.531550000000000182e+03 5.531949999999999818e+03 5.532349999999999454e+03
5.532340000000000146e+03 5.532739999999999782e+03 5.533139999999999418e+03
5.536010000000000218e+03 5.536409999999999854e+03 5.536809999999999491e+03
5.538140000000000327e+03 5.538539999999999964e+03 5.538939999999999600e+03
5.538880000000000109e+03 5.539279999999999745e+03 5.539679999999999382e+03
5.539430000000000291e+03 5.539829999999999927e+03 5.540229999999999563e+03
5.542740000000000691e+03 5.543140000000000327e+03 5.543539999999999964e+03
5.546100000000000364e+03 5.546500000000000000e+03 5.546899999999999636e+03
5.549150000000000546e+03 5.549550000000000182e+03 5.549949999999999818e+03
5.549539999999999964e+03 5.549939999999999600e+03 5.550339999999999236e+03
5.554480000000000473e+03 5.554880000000000109e+03 5.555279999999999745e+03
5.557570000000000618e+03 5.557970000000000255e+03 5.558369999999999891e+03
5.559800000000000182e+03 5.560199999999999818e+03 5.560599999999999454e+03
5.561710000000000036e+03 5.562109999999999673e+03 5.562509999999999309e+03
5.562300000000000182e+03 5.562699999999999818e+03 5.563099999999999454e+03
5.563190000000000509e+03 5.563590000000000146e+03 5.563989999999999782e+03
5.565300000000000182e+03 5.565699999999999818e+03 5.566099999999999454e+03
5.567000000000000000e+03 5.567399999999999636e+03 5.567799999999999272e+03
5.567990000000000691e+03 5.568390000000000327e+03 5.568789999999999964e+03
5.569210000000000036e+03 5.569609999999999673e+03 5.570009999999999309e+03
5.572440000000000509e+03 5.572840000000000146e+03 5.573239999999999782e+03
5.575680000000000291e+03 5.576079999999999927e+03 5.576479999999999563e+03
5.576630000000000109e+03 5.577029999999999745e+03 5.577429999999999382e+03
5.578940000000000509e+03 5.579340000000000146e+03 5.579739999999999782e+03
5.583570000000000618e+03 5.583970000000000255e+03 5.584369999999999891e+03
5.583860000000000582e+03 5.584260000000000218e+03 5.584659999999999854e+03
5.586350000000000364e+03 5.586750000000000000e+03 5.587149999999999636e+03
5.587180000000000291e+03 5.587579999999999927e+03 5.587979999999999563e+03
5.597880000000000109e+03 5.598279999999999745e+03 5.598679999999999382e+03
5.608579999999999927e+03 5.608979999999999563e+03 5.609379999999999200e+03
5.610950000000000728e+03 5.611350000000000364e+03 5.611750000000000000e+03
5.613880000000000109e+03 5.614279999999999745e+03 5.614679999999999382e+03
5.615240000000000691e+03 5.615640000000000327e+03 5.616039999999999964e+03
5.618230000000000473e+03 5.618630000000000109e+03 5.619029999999999745e+03
5.619200000000000728e+03 5.619600000000000364e+03 5.620000000000000000e+03
5.620130000000000109e+03 5.620529999999999745e+03 5.620929999999999382e+03
5.623660000000000764e+03 5.624060000000000400e+03 5.624460000000000036e+03
5.624140000000000327e+03 5.624539999999999964e+03 5.624939999999999600e+03
5.631289999999999964e+03 5.631689999999999600e+03 5.632089999999999236e+03
5.633539999999999964e+03 5.633939999999999600e+03 5.634339999999999236e+03
5.635450000000000728e+03 5.635850000000000364e+03 5.636250000000000000e+03
5.636310000000000400e+03 5.636710000000000036e+03 5.637109999999999673e+03
5.637860000000000582e+03 5.638260000000000218e+03 5.638659999999999854e+03
5.641030000000000655e+03 5.641430000000000291e+03 5.641829999999999927e+03
5.649610000000000582e+03 5.650010000000000218e+03 5.650409999999999854e+03
5.650310000000000400e+03 5.650710000000000036e+03 5.651109999999999673e+03
5.651070000000000618e+03 5.651470000000000255e+03 5.651869999999999891e+03
5.651920000000000073e+03 5.652319999999999709e+03 5.652719999999999345e+03
5.653490000000000691e+03 5.653890000000000327e+03 5.654289999999999964e+03
5.660960000000000036e+03 5.661359999999999673e+03 5.661759999999999309e+03
5.677280000000000655e+03 5.677680000000000291e+03 5.678079999999999927e+03
5.678620000000000800e+03 5.679020000000000437e+03 5.679420000000000073e+03
5.679860000000000582e+03 5.680260000000000218e+03 5.680659999999999854e+03
5.686130000000000109e+03 5.686529999999999745e+03 5.686929999999999382e+03
5.701140000000000327e+03 5.701539999999999964e+03 5.701939999999999600e+03
5.705060000000000400e+03 5.705460000000000036e+03 5.705859999999999673e+03
5.705579999999999927e+03 5.705979999999999563e+03 5.706379999999999200e+03
5.708970000000000255e+03 5.709369999999999891e+03 5.709769999999999527e+03
5.711730000000000473e+03 5.712130000000000109e+03 5.712529999999999745e+03
5.717430000000000291e+03 5.717829999999999927e+03 5.718229999999999563e+03
5.720490000000000691e+03 5.720890000000000327e+03 5.721289999999999964e+03
5.723270000000000437e+03 5.723670000000000073e+03 5.724069999999999709e+03
5.731360000000000582e+03 5.731760000000000218e+03 5.732159999999999854e+03
5.731890000000000327e+03 5.732289999999999964e+03 5.732689999999999600e+03
5.732460000000000036e+03 5.732859999999999673e+03 5.733259999999999309e+03
5.737820000000000618e+03 5.738220000000000255e+03 5.738619999999999891e+03
5.741460000000000036e+03 5.741859999999999673e+03 5.742259999999999309e+03
5.751630000000000109e+03 5.752029999999999745e+03 5.752429999999999382e+03
5.752720000000000255e+03 5.753119999999999891e+03 5.753519999999999527e+03
5.759950000000000728e+03 5.760350000000000364e+03 5.760750000000000000e+03
5.762030000000000655e+03 5.762430000000000291e+03 5.762829999999999927e+03
5.762590000000000146e+03 5.762989999999999782e+03 5.763389999999999418e+03
5.774680000000000291e+03 5.775079999999999927e+03 5.775479999999999563e+03
5.778070000000000618e+03 5.778470000000000255e+03 5.778869999999999891e+03
5.793530000000000655e+03 5.793930000000000291e+03 5.794329999999999927e+03
5.803660000000000764e+03 5.804060000000000400e+03 5.804460000000000036e+03
5.806329999999999927e+03 5.806729999999999563e+03 5.807129999999999200e+03
5.807310000000000400e+03 5.807710000000000036e+03 5.808109999999999673e+03
5.808810000000000400e+03 5.809210000000000036e+03 5.809609999999999673e+03
5.811530000000000655e+03 5.811930000000000291e+03 5.812329999999999927e+03
5.814400000000000546e+03 5.814800000000000182e+03 5.815199999999999818e+03
5.815970000000000255e+03 5.816369999999999891e+03 5.816769999999999527e+03
5.826240000000000691e+03 5.826640000000000327e+03 5.827039999999999964e+03
5.827490000000000691e+03 5.827890000000000327e+03 5.828289999999999964e+03
5.833620000000000800e+03 5.834020000000000437e+03 5.834420000000000073e+03
5.834700000000000728e+03 5.835100000000000364e+03 5.835500000000000000e+03
5.837310000000000400e+03 5.837710000000000036e+03 5.838109999999999673e+03
5.847720000000000255e+03 5.848119999999999891e+03 5.848519999999999527e+03
5.849270000000000437e+03 5.849670000000000073e+03 5.850069999999999709e+03
5.851789999999999964e+03 5.852189999999999600e+03 5.852589999999999236e+03
5.852780000000000655e+03 5.853180000000000291e+03 5.853579999999999927e+03
5.854730000000000473e+03 5.855130000000000109e+03 5.855529999999999745e+03
5.855680000000000291e+03 5.856079999999999927e+03 5.856479999999999563e+03
5.858370000000000800e+03 5.858770000000000437e+03 5.859170000000000073e+03
5.859180000000000291e+03 5.859579999999999927e+03 5.859979999999999563e+03
5.860710000000000036e+03 5.861109999999999673e+03 5.861509999999999309e+03
5.861950000000000728e+03 5.862350000000000364e+03 5.862750000000000000e+03
5.872810000000000400e+03 5.873210000000000036e+03 5.873609999999999673e+03
5.875870000000000800e+03 5.876270000000000437e+03 5.876670000000000073e+03
5.879090000000000146e+03 5.879489999999999782e+03 5.879889999999999418e+03
5.880880000000000109e+03 5.881279999999999745e+03 5.881679999999999382e+03
5.883410000000000764e+03 5.883810000000000400e+03 5.884210000000000036e+03
5.902120000000000800e+03 5.902520000000000437e+03 5.902920000000000073e+03
5.905270000000000437e+03 5.905670000000000073e+03 5.906069999999999709e+03
5.909590000000000146e+03 5.909989999999999782e+03 5.910389999999999418e+03
5.913710000000000036e+03 5.914109999999999673e+03 5.914509999999999309e+03
5.915840000000000146e+03 5.916239999999999782e+03 5.916639999999999418e+03
5.920160000000000764e+03 5.920560000000000400e+03 5.920960000000000036e+03
5.927380000000000109e+03 5.927779999999999745e+03 5.928179999999999382e+03
5.929300000000000182e+03 5.929699999999999818e+03 5.930099999999999454e+03
5.929770000000000437e+03 5.930170000000000073e+03 5.930569999999999709e+03
5.934250000000000000e+03 5.934649999999999636e+03 5.935049999999999272e+03
5.947100000000000364e+03 5.947500000000000000e+03 5.947899999999999636e+03
5.952310000000000400e+03 5.952710000000000036e+03 5.953109999999999673e+03
5.956300000000000182e+03 5.956699999999999818e+03 5.957099999999999454e+03
5.957940000000000509e+03 5.958340000000000146e+03 5.958739999999999782e+03
5.962860000000000582e+03 5.963260000000000218e+03 5.963659999999999854e+03
5.974190000000000509e+03 5.974590000000000146e+03 5.974989999999999782e+03
5.976370000000000800e+03 5.976770000000000437e+03 5.977170000000000073e+03
5.983280000000000655e+03 5.983680000000000291e+03 5.984079999999999927e+03
5.984410000000000764e+03 5.984810000000000400e+03 5.985210000000000036e+03
5.986660000000000764e+03 5.987060000000000400e+03 5.987460000000000036e+03
5.992270000000000437e+03 5.992670000000000073e+03 5.993069999999999709e+03
5.995539999999999964e+03 5.995939999999999600e+03 5.996339999999999236e+03
5.997380000000000109e+03 5.997779999999999745e+03 5.998179999999999382e+03
6.002610000000000582e+03 6.003010000000000218e+03 6.003409999999999854e+03
6.007560000000000400e+03 6.007960000000000036e+03 6.008359999999999673e+03
6.008150000000000546e+03 6.008550000000000182e+03 6.008949999999999818e+03
6.014850000000000364e+03 6.015250000000000000e+03 6.015649999999999636e+03
6.018960000000000036e+03 6.019359999999999673e+03 6.019759999999999309e+03
6.019760000000000218e+03 6.020159999999999854e+03 6.020559999999999491e+03
6.023640000000000327e+03 6.024039999999999964e+03 6.024439999999999600e+03
6.026660000000000764e+03 6.027060000000000400e+03 6.027460000000000036e+03
6.033640000000000327e+03 6.034039999999999964e+03 6.034439999999999600e+03
6.053700000000000728e+03 6.054100000000000364e+03 6.054500000000000000e+03
6.055590000000000146e+03 6.055989999999999782e+03 6.056389999999999418e+03
6.065079999999999927e+03 6.065479999999999563e+03 6.065879999999999200e+03
6.078090000000000146e+03 6.078489999999999782e+03 6.078889999999999418e+03
6.078620000000000800e+03 6.079020000000000437e+03 6.079420000000000073e+03
6.082320000000000618e+03 6.082720000000000255e+03 6.083119999999999891e+03
6.093260000000000218e+03 6.093659999999999854e+03 6.094059999999999491e+03
6.094020000000000437e+03 6.094420000000000073e+03 6.094819999999999709e+03
6.096289999999999964e+03 6.096689999999999600e+03 6.097089999999999236e+03
6.101770000000000437e+03 6.102170000000000073e+03 6.102569999999999709e+03
6.102890000000000327e+03 6.103289999999999964e+03 6.103689999999999600e+03
6.104750000000000000e+03 6.105149999999999636e+03 6.105549999999999272e+03
6.106690000000000509e+03 6.107090000000000146e+03 6.107489999999999782e+03
6.113990000000000691e+03 6.114390000000000327e+03 6.114789999999999964e+03
6.119850000000000364e+03 6.120250000000000000e+03 6.120649999999999636e+03
6.127500000000000000e+03 6.127899999999999636e+03 6.128299999999999272e+03
6.136210000000000036e+03 6.136609999999999673e+03 6.137009999999999309e+03
6.137289999999999964e+03 6.137689999999999600e+03 6.138089999999999236e+03
6.151210000000000036e+03 6.151609999999999673e+03 6.152009999999999309e+03
6.157320000000000618e+03 6.157720000000000255e+03 6.158119999999999891e+03
6.159010000000000218e+03 6.159409999999999854e+03 6.159809999999999491e+03
6.164960000000000036e+03 6.165359999999999673e+03 6.165759999999999309e+03
6.172930000000000291e+03 6.173329999999999927e+03 6.173729999999999563e+03
6.179800000000000182e+03 6.180199999999999818e+03 6.180599999999999454e+03
6.187000000000000000e+03 6.187399999999999636e+03 6.187799999999999272e+03
6.187579999999999927e+03 6.187979999999999563e+03 6.188379999999999200e+03
6.191150000000000546e+03 6.191550000000000182e+03 6.191949999999999818e+03
6.199910000000000764e+03 6.200310000000000400e+03 6.200710000000000036e+03
6.211660000000000764e+03 6.212060000000000400e+03 6.212460000000000036e+03
6.213020000000000437e+03 6.213420000000000073e+03 6.213819999999999709e+03
6.214740000000000691e+03 6.215140000000000327e+03 6.215539999999999964e+03
6.218870000000000800e+03 6.219270000000000437e+03 6.219670000000000073e+03
6.220370000000000800e+03 6.220770000000000437e+03 6.221170000000000073e+03
6.226370000000000800e+03 6.226770000000000437e+03 6.227170000000000073e+03
6.228820000000000618e+03 6.229220000000000255e+03 6.229619999999999891e+03
6.230320000000000618e+03 6.230720000000000255e+03 6.231119999999999891e+03
6.232240000000000691e+03 6.232640000000000327e+03 6.233039999999999964e+03
6.240240000000000691e+03 6.240640000000000327e+03 6.241039999999999964e+03
6.245910000000000764e+03 6.246310000000000400e+03 6.246710000000000036e+03
6.252150000000000546e+03 6.252550000000000182e+03 6.252949999999999818e+03
6.253850000000000364e+03 6.254250000000000000e+03 6.254649999999999636e+03
6.255950000000000728e+03 6.256350000000000364e+03 6.256750000000000000e+03
6.264730000000000473e+03 6.265130000000000109e+03 6.265529999999999745e+03
6.267440000000000509e+03 6.267840000000000146e+03 6.268239999999999782e+03
6.269820000000000618e+03 6.270220000000000255e+03 6.270619999999999891e+03
6.270890000000000327e+03 6.271289999999999964e+03 6.271689999999999600e+03
6.280210000000000036e+03 6.280609999999999673e+03 6.281009999999999309e+03
6.290560000000000400e+03 6.290960000000000036e+03 6.291359999999999673e+03
6.293530000000000655e+03 6.293930000000000291e+03 6.294329999999999927e+03
6.297400000000000546e+03 6.297800000000000182e+03 6.298199999999999818e+03
6.301100000000000364e+03 6.301500000000000000e+03 6.301899999999999636e+03
6.302090000000000146e+03 6.302489999999999782e+03 6.302889999999999418e+03
6.307450000000000728e+03 6.307850000000000364e+03 6.308250000000000000e+03
6.311180000000000291e+03 6.311579999999999927e+03 6.311979999999999563e+03
6.315410000000000764e+03 6.315810000000000400e+03 6.316210000000000036e+03
6.317610000000000582e+03 6.318010000000000218e+03 6.318409999999999854e+03
6.322280000000000655e+03 6.322680000000000291e+03 6.323079999999999927e+03
6.330460000000000036e+03 6.330859999999999673e+03 6.331259999999999309e+03
6.334920000000000073e+03 6.335319999999999709e+03 6.335719999999999345e+03
6.336420000000000073e+03 6.336819999999999709e+03 6.337219999999999345e+03
6.339570000000000618e+03 6.339970000000000255e+03 6.340369999999999891e+03
6.343740000000000691e+03 6.344140000000000327e+03 6.344539999999999964e+03
6.353440000000000509e+03 6.353840000000000146e+03 6.354239999999999782e+03
6.354620000000000800e+03 6.355020000000000437e+03 6.355420000000000073e+03
6.358289999999999964e+03 6.358689999999999600e+03 6.359089999999999236e+03
6.363980000000000473e+03 6.364380000000000109e+03 6.364779999999999745e+03
6.380340000000000146e+03 6.380739999999999782e+03 6.381139999999999418e+03
6.392150000000000546e+03 6.392550000000000182e+03 6.392949999999999818e+03
6.393200000000000728e+03 6.393600000000000364e+03 6.394000000000000000e+03
6.399600000000000364e+03 6.400000000000000000e+03 6.400399999999999636e+03
6.407610000000000582e+03 6.408010000000000218e+03 6.408409999999999854e+03
6.411250000000000000e+03 6.411649999999999636e+03 6.412049999999999272e+03
6.416530000000000655e+03 6.416930000000000291e+03 6.417329999999999927e+03
6.419539999999999964e+03 6.419939999999999600e+03 6.420339999999999236e+03
6.420940000000000509e+03 6.421340000000000146e+03 6.421739999999999782e+03
6.430440000000000509e+03 6.430840000000000146e+03 6.431239999999999782e+03
6.494579999999999927e+03 6.494979999999999563e+03 6.495379999999999200e+03
6.498550000000000182e+03 6.498949999999999818e+03 6.499349999999999454e+03
6.503780000000000655e+03 6.504180000000000291e+03 6.504579999999999927e+03
6.517960000000000036e+03 6.518359999999999673e+03 6.518759999999999309e+03
6.533570000000000618e+03 6.533970000000000255e+03 6.534369999999999891e+03
6.545829999999999927e+03 6.546229999999999563e+03 6.546629999999999200e+03
6.551280000000000655e+03 6.551680000000000291e+03 6.552079999999999927e+03
6.556390000000000327e+03 6.556789999999999964e+03 6.557189999999999600e+03
6.568800000000000182e+03 6.569199999999999818e+03 6.569599999999999454e+03
6.573840000000000146e+03 6.574239999999999782e+03 6.574639999999999418e+03
6.574610000000000582e+03 6.575010000000000218e+03 6.575409999999999854e+03
6.580820000000000618e+03 6.581220000000000255e+03 6.581619999999999891e+03
6.590920000000000073e+03 6.591319999999999709e+03 6.591719999999999345e+03
6.592510000000000218e+03 6.592909999999999854e+03 6.593309999999999491e+03
6.593470000000000255e+03 6.593869999999999891e+03 6.594269999999999527e+03
6.597210000000000036e+03 6.597609999999999673e+03 6.598009999999999309e+03
6.607630000000000109e+03 6.608029999999999745e+03 6.608429999999999382e+03
6.608710000000000036e+03 6.609109999999999673e+03 6.609509999999999309e+03
6.627160000000000764e+03 6.627560000000000400e+03 6.627960000000000036e+03
6.633340000000000146e+03 6.633739999999999782e+03 6.634139999999999418e+03
6.646579999999999927e+03 6.646979999999999563e+03 6.647379999999999200e+03
6.647680000000000291e+03 6.648079999999999927e+03 6.648479999999999563e+03
6.653480000000000473e+03 6.653880000000000109e+03 6.654279999999999745e+03
6.665070000000000618e+03 6.665470000000000255e+03 6.665869999999999891e+03
6.667020000000000437e+03 6.667420000000000073e+03 6.667819999999999709e+03
6.677579999999999927e+03 6.677979999999999563e+03 6.678379999999999200e+03
6.703170000000000073e+03 6.703569999999999709e+03 6.703969999999999345e+03
6.704700000000000728e+03 6.705100000000000364e+03 6.705500000000000000e+03
6.709910000000000764e+03 6.710310000000000400e+03 6.710710000000000036e+03
6.712640000000000327e+03 6.713039999999999964e+03 6.713439999999999600e+03
6.713360000000000582e+03 6.713760000000000218e+03 6.714159999999999854e+03
6.715010000000000218e+03 6.715409999999999854e+03 6.715809999999999491e+03
6.724990000000000691e+03 6.725390000000000327e+03 6.725789999999999964e+03
6.726260000000000218e+03 6.726659999999999854e+03 6.727059999999999491e+03
6.731660000000000764e+03 6.732060000000000400e+03 6.732460000000000036e+03
6.732760000000000218e+03 6.733159999999999854e+03 6.733559999999999491e+03
6.737579999999999927e+03 6.737979999999999563e+03 6.738379999999999200e+03
6.739140000000000327e+03 6.739539999999999964e+03 6.739939999999999600e+03
6.749750000000000000e+03 6.750149999999999636e+03 6.750549999999999272e+03
6.752320000000000618e+03 6.752720000000000255e+03 6.753119999999999891e+03
6.753050000000000182e+03 6.753449999999999818e+03 6.753849999999999454e+03
6.763710000000000036e+03 6.764109999999999673e+03 6.764509999999999309e+03
6.806450000000000728e+03 6.806850000000000364e+03 6.807250000000000000e+03
6.809850000000000364e+03 6.810250000000000000e+03 6.810649999999999636e+03
6.820030000000000655e+03 6.820430000000000291e+03 6.820829999999999927e+03
6.828190000000000509e+03 6.828590000000000146e+03 6.828989999999999782e+03
6.836600000000000364e+03 6.837000000000000000e+03 6.837399999999999636e+03
6.840930000000000291e+03 6.841329999999999927e+03 6.841729999999999563e+03
6.842270000000000437e+03 6.842670000000000073e+03 6.843069999999999709e+03
6.843240000000000691e+03 6.843640000000000327e+03 6.844039999999999964e+03
6.851240000000000691e+03 6.851640000000000327e+03 6.852039999999999964e+03
6.854760000000000218e+03 6.855159999999999854e+03 6.855559999999999491e+03
6.856850000000000364e+03 6.857250000000000000e+03 6.857649999999999636e+03
6.857740000000000691e+03 6.858140000000000327e+03 6.858539999999999964e+03
7.129900000000000546e+03 7.130300000000000182e+03 7.130699999999999818e+03
7.912460000000000036e+03 7.912859999999999673e+03 7.913259999999999309e+03